16_98_0,0.00255697324591,-0.00372148017189,0.0040622851237,0.0169601493948,0.0188567961577,0.0190344275213,0.0211304695937,0.0161825062999,0.0438789039673,0.0294783326182,0.0199483943783,0.00506700160269,-0.00153073810704,-0.0273729457489,-0.0221802650348,-0.00182451007593,0.0171630079061,0.0202264307401,0.0221014962403,0.0292173115283,0.0202465783762,-0.00880275231208,-0.011435319224,0.0167798384193,-0.00519616251193,-0.0111013166455,0.00401825199698,0.0107174769646,0.0164274671039,0.0258962315158,0.021025604981,-0.038335142442,-0.0414520619799,-0.0359318681301,-0.0422944581647,-0.0250068598793,-0.0178514199541,-0.000917445089196,0.0125196407168,0.0594147478206,0.0717664030728,0.0653759735881,0.0743248421558,0.035708686218,0.00936411461123,-0.0217764425392,-0.0141455641971,0.0166360322429,0.0372657830536,0.0612156876386,0.0277623336136,0.031556362499,0.00270199887512,-0.0143683557213,-0.0206908520247,-0.0412660095602,-0.0227541322367,0.0149325677584,0.0608613814342,0.0752549337495,0.0688554782028,0.0621170746687,0.0167881831978,0.0190809151479,-0.0266291153811,-0.0183914432523,-0.00725761836338,-0.0185036251511,-0.0328275296248,-0.0535736869552,-0.0275584496161,-0.0487294974831,-0.0639140832536,-0.0493387586526,-0.0324457702805,-0.00409989466382,0.00506699045712,0.0356111105458,0.032103455871,0.0695297076141,0.0470043553005,0.0348888992304,-0.00668265067864,0.00337842091174,-0.0146303979701,-0.0104193597907,-0.0267405845984,-0.033261834482,-0.0277069075187,-0.0178158900624,-0.00845195746272,0.028190848285,0.00239539327451,0.00109108435755,-0.0449702389839,-0.0524791099524,-0.0305137447221,-0.0280434776619,0.0102723159335,0.0266973933839,0.0693360184846,0.0477815337968,0.0233693691306,-0.0424100490183,-0.0653458718253,-0.0523913992057,-0.0568655626143,-0.0541275863184,-0.0500498288813,-0.029978280142,-0.0239236554931,-0.00635687925277,-0.00890737576856,-0.0286940066366,-0.0199573950285,-0.0352929707358,-0.0276699911262,-0.00245690800852,-0.0221093075104,-0.0407206032121,-0.0565582249952,-0.0140604994672,-0.0160607462494,0.00764799281359,0.0174112662952,0.0361128157371,-0.00919052533396,-0.0375099938945,-0.0301211144373,-0.0238988115563,-0.0301979732637,-0.00997945927146,0.0111952058928,0.041064031827,0.0562771463336,0.0405906547615,-0.00822004712073,0.0214730117118,-0.000614727082449,-0.0284707326378,-0.0175686814722,-0.00578025074888,-0.0111162248186,-0.0190115374232,0.0141654263767,-0.00254999154756,0.0346938259202,-0.00411964227813,0.0105511736749,0.0257421201831,0.0110433285173,-0.000821856599438,-0.0262978101604,-0.0259116417562,-0.0403823892114,-0.00815254071609,-0.022480147722,-0.0204263065865,-0.0213528391208,-0.00649552371623,0.0296368934095,-0.00306098704109,0.0403700796877,0.0387369765124,0.0152443337626,-0.00492825362205,-0.00277044372217,-0.00751962390886,-0.012634001629,-0.00106451881288,-0.0192421411744,-0.00255159471717,-0.00944435465507,-0.0111292942578,-0.0235552245399,0.00567335268142,-0.0103602348901,-0.0157751465948,-0.00564462108735,-0.00369131464452,0.00117333383725,0.0163055057571,0.0326891822859,0.0209942381825,0.0120531037699,0.0166226517853,-0.00396042928525,0.0144605276478,0.0319479338144,0.0368025791093,0.0122901185975,0.0401784752608,0.0296068362503,0.0265300680583,0.0156847264111,-0.0232038218619,-0.0113141397979,-0.0402527996399,-0.0287244932023,-0.0493874303641,-0.0181654327754,-0.0129933148877,0.0258065524087,0.0370073614981,0.047108591819,0.0193129517864,0.0291619469219,-0.0156882661187,-0.0114408831155,-0.0281728820311,0.0082886857559,0.0180500491934,0.0462009733979,0.0398210060614,0.0436995540462,0.0546645037355,0.0521336679228,0.0385519528084,-0.0221792445346,-0.024093470929,0.00249718573023,-0.00394506862038,0.0296148954422,0.0557196205613,0.0450084798438,0.0543859185499,0.0547929938729,0.0464237888885,0.0383873959191,-0.0287233410122,-0.0540253012515,-0.0687449180548,-0.00726916160899,-0.0148829768697,-0.0424352192278,-0.0653013247373,-0.057853828955,-0.0207060227155,-0.0155912183333,0.0170273552787,0.00648863448762,0.00807276072023,-0.056131673326,-0.0455560261268,-0.0390173992706,-0.0432225973833,-0.0567218872384,-0.0477660103631,-0.0700499098446,-0.0499494669275,-0.0251540679033,-0.0205556770851,-0.00321262833432,0.0259881126137,0.0120366677734,-0.00412362772693,-0.00250346402943,-8.69032542559e-05,0.0263539127219,0.0253821616018,0.00242801940538,0.0260823862443,0.00323027289363,-0.0083030446787,-0.0217951461816,-0.025752559496,-0.0221781622532,-0.0164265085433,-0.000606180509478,0.00283988106033,0.0147336394058,0.0287112533863,-0.0106302421961,-0.0163842116878,-0.0138271075618,-0.00947733126116,0.0521643357943,0.0419939359816,0.0387511325123,0.0160827692284,-0.00782717790967,-0.040723691737,-0.0531117308777,-0.0580216516746,-0.048638854799,-0.0206789854246,0.000794782974001,0.0264628759268,0.0434408249767,0.0235176893223,0.0125802975338,0.0158009340044,0.0131978004947,0.056206389535,0.0654073888241,0.0411539741828,0.0275034477871,-0.00456661027654,-0.0138443618714,-0.0268391033761,-0.0313426139769,-0.0477545476408,-0.0385280639215,-0.0166244932694,-0.0182955907283,-0.042486126623,-0.0405887358338,-0.0528881620124,-0.0399106717399,-0.0190930084774,0.0152208785584,0.0539100925754,0.0825843965327,0.0781742035067,0.0620459997271,0.0344514183904,-0.00445880110585,-0.0432535326225,-0.0508408439755,-0.0557262321578,-0.0227684913329,-0.0103120739326,-0.033251346724,-0.0308096884847,-0.0451812625667,-0.0634920640814,-0.0469999499318,-0.0310870678894,0.0201260273158,0.00400702881709,-0.00166713491419,-0.0220447335257,-0.0454983382733,-0.0204356642364,0.0155246462724,0.0104863333352,0.00929393822119,-0.00590833499259,-0.00933930260904,0.0146511459743,0.0172084048561,0.0393653052677,0.0918654352433,0.0846329831931,0.0513175307728,0.0125145597334,-0.062463335836,-0.0756887885922,-0.0777665856491,-0.0691082783238,-0.0673695497959,-0.0533479165089,-0.0339973901099,-0.0181335259911,0.000496105073862,0.0291509548616,0.041631802872,0.0600032742437,0.0433194894741,0.0510417103811,0.0841191394845,0.0734743549175,0.0518119513414,0.00650891713664,-0.0151644454642,-0.0486573744212,-0.0441232638189,-0.0401203033489,-0.0141521801625,-0.0144488891821,-0.0229820740954,-0.000132853462978,-0.0207499361547,-0.0178236226196,-0.056096647429,-0.0314935533028,0.047154418321,0.0492395699055,0.0503956725805,0.030746905264,0.0484664890745,0.00112858410794,0.0294249249423,0.0135234439558,0.0268827902843,0.00879821188711,0.00414562990373,-0.0224890589149,-0.0231193087725,0.00266746223045,0.000731601108593,0.0589149540467,0.0811073255867,0.0654048944938,0.0704042548936,0.0684990240826,0.0108534949079,-0.0517758039711,-0.0716548653671,-0.062274379009,-0.0530928179876,-0.00658417385182,-0.0135979988294,-0.0221688678589,-0.0191295877944,0.00327561265942,0.0265922927984,0.0329828524981,0.0122229226559,-0.00482255672833,-0.0233387273903,-0.0130631497383,-0.0296767458956,-0.0154799866816,4.13757439964e-05,0.0205612000911,0.00173179051931,-0.0596197370196,-0.0391330229919,-0.0290136490061,-0.0143664045294,0.00228801136266,0.00368439756693,-0.00641338202445,-0.0121856144585,-0.0229493558731,-0.00792579880573,0.00857945985049,-0.00431360019226,0.0387749677679,0.0207543826437,0.0387692764841,0.032408856172,0.0372127949084,0.0249247003925,0.0029083168217,0.0134208591266,-0.00665886390114,-0.0450864210574,-0.0534010135385,-0.0741912867075,-0.0340467370426,-0.00828830408732,0.0198095536075,0.0788155876567,0.056843291054,0.040788471655,0.0248761437459,0.00873095920046,0.0112751567426,0.0280536767358,0.0250300477775,0.0380399513702,0.0181573889502,-0.0250259167939,-0.0661259112723,-0.056366499105,-0.0765176959567,-0.0504470266744,-0.0573430179835,-0.0308761048233,-0.0458414574105,-0.0120183973302,-0.0241578284872,-0.0229669756167,-0.0176350970315,-0.0229454369641,0.0146485408804,0.00888654467621,0.00272481396014,0.00660652469999,-0.0100636157268,-0.0103894746845,-0.0459637171113,-0.0432154015049,-0.0363903637467,-0.0275453540788,-0.00100348346436,0.023043995833,0.0240846514367,0.0622386134585,0.0757227395998,0.0663261392321,0.00735313940527,-0.0153283235165,-0.0346997067536,-0.000468686407928,-0.0146367351143,-0.0168432710817,0.0290499397262,-0.0384571278704,-0.0727787658978,-0.0515721651445,-0.0617196817337,-0.0604852758585,-0.0387494306044,-0.0333787381778,-0.0173180554485,0.00354202158188,-0.00156965161339,0.0248574373561,0.0158183355861,0.0398564033003,0.0229796611343,0.0616803972786,0.0783644440219,0.051723698731,0.00829078418592,-0.0174011085328,-0.0432628884885,-0.0415360703409,-0.0344124454622,-0.0178142994221,-0.0229229642064,0.00791087953032,0.0112942010958,-0.0183928181523,0.0074829910086,-0.00671190052275,-0.0129086767645,-0.000757211934096,0.0588751123915,0.0419777328791,0.0296338378225,0.02238337981,0.0141825842406,-0.0248364959925,-0.0964874364817,-0.0372628485194,-0.00176276469306,-0.0144483600273,-0.0140547513412,-0.0307769056416,-0.048090546783,-0.0300181844229,-0.0481719859415,-0.00414537936733,-0.0216876289223,0.0153749037876,0.0114271534565,0.0612288354481,0.0489981540706,0.0452813700136,0.021059024527,0.0332093806189,0.0096126383226,-0.00336282442683,-0.0295609114561,-0.0369024677489,0.0143634792066,0.00337280358229,-0.00829080590714,-0.00932737720901,0.0236817826725,0.0249088744357,-0.00268221739878,0.0068498174027,0.00417802253694,0.00160312754043,0.010505577793,0.00930172710838,0.0176042212212,0.0341300092067,0.0351644362518,0.0244480457242,0.0065031563292,-0.00126566214776,0.00014849735673,0.00192289520336,0.0358426213083,0.0322320414986,0.0163705706228,0.00971770245589,-0.0113900846793,-0.00257288085209,-0.0179875083373,0.00343801222903,-0.0134261841748,-0.00372768136177,0.00607533094283,0.0282716450739,0.0285022925706,0.00814551722262,0.0258494729167,0.0557812445949,0.0429339673185,0.0185488709861,0.040021739041,0.00972373225367,0.0247036189695,-0.00739610021731,0.0219459388665,0.0280879056715,0.0311505431056,0.0228744784881,0.0328042601404,0.00730269725081,-0.0021536577317,-0.00348306211706,0.0203823603582,0.0688238622253
16_98_1,0.05650102076,0.0349237583635,0.0250216941501,0.0587699897477,0.040591201638,0.0503512810892,0.0396945859401,0.0355940103134,0.0634209114912,0.0684444383451,0.033664133772,0.0309021025772,0.0121329623195,0.0371126377704,0.00672927786936,0.0248020165571,0.00852375675787,0.0342662555972,0.0308693138547,0.0274969841547,0.0328553247691,0.0418558104289,-0.00610733873483,0.0347017745218,-0.00356476412614,-0.0172151200433,-0.00438102583897,-0.02102421308,0.0155228286389,-0.0102217931184,-0.0098982163683,-0.033375683098,-0.0642724313694,-0.0409822070631,-0.084770162936,-0.0267118630712,-0.00896115154709,0.0108745950152,0.00299577381705,0.0348349656774,0.0437769053705,0.0486897639439,0.033158956241,0.00980044540828,-0.0163053254187,-0.0254577388048,-0.018203585395,0.0175721396517,0.0238621357702,0.0341352715012,-0.00610963575641,0.00513482169415,-0.0357327948778,-0.0393137586807,-0.0287256034493,-0.0469313653111,-0.0445031545251,-0.00292992730843,0.0507820001542,0.0542383582283,0.0534919041543,0.0211045598726,-0.0399495717733,-0.00809428537618,-0.0221880031821,-0.0268469120407,-0.016417769407,-0.0400946517618,-0.0409672956347,-0.0272714778366,-0.032490793501,-0.0520413382414,-0.0513519932878,-0.0235312681045,-0.0260134127758,0.00695366158071,0.00392202651488,0.0288693148229,0.0246234337111,0.0792287305337,0.0279644156026,0.0223161178959,-0.00461512127401,-0.0103371722252,-0.0407839082288,-0.0336353834702,-0.0314463115213,-0.0198934877336,-0.00684159399298,0.0143820929515,-0.00695702027406,0.0258001921085,-0.0203761520664,0.0159031588127,-0.0420561122236,-0.0407097035724,-0.0212066083455,-0.0216097452862,0.0033934115294,0.0285435463766,0.0599095875903,0.0369874386983,0.0221275404584,-0.0204145864629,-0.0341448662568,-0.0280056584741,-0.0720479167067,-0.0324809421395,-0.0347505446643,-0.0230964239023,-0.0162098154804,-0.00152653641412,-0.0128208344798,-0.00318469538528,0.0171388080883,0.0209678394041,-0.00238698723475,-0.0313706904148,-0.0338456693169,-0.0400750445653,-0.0210957578529,-0.0268578425605,-0.0147814907022,0.00491140186186,0.000276307396681,-0.00730751644967,-0.0134365471005,-0.0528065097232,-0.0348490062484,-0.0455360166186,-0.0565232492034,-0.0465825305009,0.0282010530695,0.0378720443669,0.019083034052,0.00937296085698,0.0239180675792,0.043375151989,0.000552387786013,-0.0226707288357,0.005073905473,0.0020420960339,0.0107780989199,-0.0165825806058,0.0163588562253,0.0153750419,0.0114055011784,0.0497684705894,0.0262824966181,0.018891588899,0.0356610413296,0.0192535465506,-0.0213684309662,0.000313429629988,-0.0118166412265,0.00635296357793,-6.58785534775e-05,-0.00157137275627,-0.00043310582067,0.000304354512553,-0.00991606647796,0.0210714829725,0.0238358440358,0.0484100896888,0.0301211500228,-0.0115600738888,-0.000750027986598,0.0288541087734,0.0101457676451,0.0446513373155,-0.0348931809497,0.00557038931225,-0.00896791429465,0.00419799909394,-0.0254823724272,0.0163994486965,-0.0151098243366,-0.0251155263637,0.000283968555944,0.0358579404781,0.0239693350091,0.0267930357651,0.0236397539848,0.0137774868423,0.000776746798615,-0.017455216823,-0.00919665910718,0.0148873408816,0.0242018003806,0.01970029868,0.0231729754928,0.0341986230949,0.0274718036461,-0.01149972814,-0.0250798910599,-0.0442267072681,-0.0474746262456,-0.0304665999771,-0.0523222161943,-0.0182163639254,-0.0157814157218,-0.0151957472478,-0.00113167076384,-0.00532497978942,0.0572861050995,0.0113687110565,-0.0107461897868,-0.0221094174263,-0.0189858789077,-0.025270384262,0.023222088017,0.0376234497293,0.0438975670902,0.0511795526587,0.0342717860791,0.0428941133522,0.0617240050173,0.0194804175729,0.00642638086223,-0.00916094079346,-0.0110823275436,-0.00796708710125,-0.00180940734184,0.0411510059035,0.029381186225,0.034984285307,0.0463369867229,0.040920454653,-0.0155607137347,-0.0572716626291,-0.0603280644568,-0.0562777021105,-0.017920127877,-0.0196352818987,-0.0342288585608,-0.0168686605848,-0.0527881593551,-0.0560012010373,-0.00762634219731,0.000879267818147,0.0147531165797,0.0320886066503,-0.00459363033435,-0.0436427308738,-0.0474806574064,-0.025152627808,-0.0433173033576,-0.0366712730919,-0.0392755858243,-0.0308890859522,-0.023158632132,-0.0164093148103,-0.0243067956885,0.00049646227311,0.010303571947,0.00931480142691,-0.0225100983154,-0.00251297811043,0.000318888648234,0.0301986275822,0.0319249542223,0.00325613425298,0.00888176703124,0.00709594452703,-0.003446910498,-0.0315661233975,-0.0149622412472,-0.00931529302137,-0.0111647310107,-0.0146359758186,-0.00119258519455,0.0286575623993,-0.0147460450021,-0.00168804422805,0.0165897243628,-0.0029311709429,0.0430933362036,0.00499691504313,0.0588278001652,0.0435663997659,-0.0217559807584,-0.0425397326593,-0.0720167418182,-0.0545807692649,-0.0221099984267,-0.0278225759414,0.0207755269402,0.0125049720518,0.0352660786232,0.0372164373883,0.00776815257725,0.014493742076,0.00330419074911,0.0324468804637,0.0605684605193,0.0126272177346,-0.00632315943565,-0.0373720931722,-0.0298991445754,-0.0547830941565,-0.0427136005435,-0.0405398948315,-0.00874589899148,0.0110844408621,0.0328985595322,0.00306289112029,-0.0187065937392,-0.0438916265526,-0.0243356967366,-0.0158077043309,0.0273590546873,0.0132332021495,0.0644086015159,0.10089111275,0.0874476185504,0.0401841539908,-0.0213803616597,-0.0307388939059,-0.0434926838588,-0.0419387834798,-0.00769153157605,-0.0107837580087,-0.0609238652536,-0.0846997884893,-0.0517743619385,-0.0560474346965,-0.0249878524628,-0.00962585004769,0.022107081854,0.00834315867587,-0.0208333899602,-0.0180726318367,-0.0106619219166,-0.00643322482973,-0.00823661639485,0.0132473706081,-0.00173717827897,-0.0154558852099,0.0024493935663,0.0321615845497,0.0275812973768,0.0658320704112,0.069436597415,0.0491610266522,0.0432983978979,0.0220317735035,-0.0499966618282,-0.0761996993113,-0.0477605029696,-0.0133578028595,-0.0482047780419,-0.0125389681658,-0.00978660836057,0.00126147148741,0.0223416767474,0.0236423964672,0.0445205648014,0.0479451312571,0.0175425493568,0.0740216680733,0.0658020436133,0.0293969253452,0.0318655733166,0.0152563358954,-0.00264179854617,-0.0399562281559,-0.0218531842325,-0.0258849383888,0.005614814176,0.0262947268453,0.0037381247234,0.0140443090312,0.0328928602659,0.0416444294933,-0.00824041475529,-0.0134855237212,-0.00489611808284,0.0532520958432,0.0278864991927,0.0460568847798,0.0257079258836,-0.00747066965483,-0.0245278251043,-0.0137677829695,-0.0136361150273,-0.027332462767,-0.0283674411541,-0.0409078922931,-0.0337161635522,-0.0304383244773,0.00148587602042,0.0372191839307,0.10590460839,0.0324713036733,0.0559891487541,0.0787966625319,-0.0321950321667,-0.080632701832,-0.10061015398,-0.0536044951249,-0.0654702866481,-0.0465075777047,0.0057571179609,0.000150714325446,0.0198905865642,-0.000107725991268,-0.00103841683429,-0.0122697681337,-0.0458208849669,-0.0242042990684,-0.0259450920149,-0.0409424541824,-0.0305850871353,-0.0447583727951,-0.00230767437696,-0.00828963173066,-6.67226472441e-05,-0.0230726970168,-0.0299583360102,-0.0214143582791,-0.00601445372689,0.0074940471176,0.00413107668273,-0.0137457228828,-0.0240001970881,-0.0105755261652,-0.00331895589716,-0.0387154429553,-0.0204310156073,-0.00411062396037,-0.0115385042985,0.0221348505111,0.0488012729626,0.00222195969156,-0.00169818504596,0.00476140435529,-0.00295350815028,-0.00874235109218,-0.031971984356,-0.00364905288548,-0.0302631988621,-0.0246150255755,-0.034389805178,0.0456425907877,0.0871242224439,0.0755363101935,0.0745700293265,0.03228666566,0.0460162635873,0.0399598826155,0.0211636116535,-0.00987113057002,0.0445886778091,0.018742570458,0.0106670403363,-0.0622862787425,-0.0707559829108,-0.0638866294284,-0.0130227998523,-0.0293085771941,-0.00570360191003,-0.0023120789226,0.0296820230676,0.0180781308874,0.0165259263862,-0.0247614539209,0.00116390228417,0.00260748255181,0.0403816155421,0.0192970090826,0.0201947202048,-0.0304979203822,-0.0295713017262,-0.0283875198529,-0.00888513629307,-0.0296473156409,0.00608140179044,-0.00326936181582,0.0308584743298,0.0387791014201,0.0364395776592,0.0488590794223,0.032464619671,0.026438381617,-0.0222473902053,-0.0385785639366,0.0146369529648,0.0217365052313,-0.00627473110675,0.0129286882451,-0.0172364035993,-0.0731708718252,-0.0681009666866,-0.0750665750126,-0.0284285044992,-0.0493409787735,-0.00935525066814,-0.0311142801586,-0.0245105408362,0.00735713579294,0.0462526318772,0.0301348430377,0.0309396224256,-0.0276205207942,0.031180426581,0.0357407262116,0.0439328556484,-0.0127767408591,0.00145470466285,-0.00306607551567,-0.0202776400153,-0.0111066785801,0.0125892976644,0.0330991709089,0.00851425345107,0.00246597051453,-0.0221574522975,-0.0342096795181,-0.0363266339918,-0.0497145328073,-0.0500509452299,0.00025281139968,0.0262730961203,0.0388130648495,-0.0374502843495,0.0145172733277,-0.0142998834647,-0.064068144785,-0.00243793641112,0.0278003133012,0.0198986865831,-0.0362624537859,-0.0262508748509,-0.0315823165878,0.00385368330869,-0.029593699098,0.01577024883,-0.00215053241726,0.00223459363565,0.0155935692336,0.0350944172248,0.0195295294444,0.0319662128984,0.00993347772704,-0.00530236529071,-0.0301893757945,-0.0353697516357,-0.0616692568674,-0.0438083121232,0.0227678498155,0.000720318976486,-0.0372696348125,-0.0166026335907,-0.00444448929868,0.0265056484991,0.0150604180296,0.0127117658171,-0.00332266505825,0.000439997354242,-0.00242371140163,-0.0159888746494,-0.0216145477614,-0.00281941282726,0.00729443256087,0.0386739521641,0.0182593463335,0.0118107191178,0.0349812163932,0.000375517515801,0.0380653180771,0.0212465068631,0.00206361452965,0.0146031542758,-0.00386195200936,0.00104303634951,0.0155783783456,-0.00402919219568,-0.00346183610961,0.0287328598989,0.0500401010199,0.0171743748184,0.020399228889,-0.022157074076,-0.0121266529834,0.0463966601394,0.0731510991122,0.0367441787554,0.0314905603653,0.00548366018921,0.00553882491499,-0.0110328332243,-0.00395820081678,-0.00784589288775,0.0282307139275,0.0273424989521,0.0229549265485,0.00680504491838,0.0118631939837,0.0121485387954,0.0113121210578,0.0668845986451
16_98_2,-0.00445478672401,-0.0122226032573,0.00126008699023,0.0325712061245,0.0365836125143,0.0386129574087,0.0116676470782,0.0127403029996,0.0598902660756,0.0217940541975,-0.00938140658372,0.0084762494254,0.00137098433797,-0.0123123563973,-0.0214816043005,0.00190359278842,-0.00933455761722,-0.000380576541036,0.0266793688012,0.00640346082025,0.0174029775971,0.0140091461735,0.0112370122591,0.0135735427752,-0.00635191330573,0.0287167185388,0.0427105228819,0.0170284754771,0.00484638801058,0.0202676592925,0.00850407055917,-0.0549946395367,-0.0338181488422,-0.0585327493337,-0.0185775434751,-0.0435786869369,0.00796151128757,0.00071001886591,0.0389211701311,0.0159586644722,0.0354841709198,0.0723910680108,0.043778584434,0.0487985121952,0.0122448509565,-0.0261887386204,-0.026626050178,0.0128642948735,0.0670909053024,0.0592033710266,0.00416697487527,0.0194013379519,0.0201492249772,-0.0492425691625,-0.0367232639591,-0.063585830279,-0.0409468451309,0.00455286019673,0.061265203266,0.0361986713294,0.0299240636827,0.0860817708574,0.00746759247059,0.0157081823159,-0.0337203826929,0.00781105565348,0.0116697481388,-0.0360751080246,-0.0417323450438,-0.0490635542963,-0.037157245606,-0.0521405875681,-0.0444169849154,-0.0268251330029,-0.0273071223755,0.00279150785116,-0.0123547518024,0.00862910149558,-0.00953670950239,0.0357642961671,0.0178271991478,0.0170511041515,-0.00181637714726,-0.00811886122824,-0.0049563479518,-0.0243105563182,-0.0145288176067,-0.0287568136396,-0.000217714699529,-0.0224098110844,-0.00530121468415,0.0181819116147,0.0122678623944,-0.000992741931265,-0.0387159918732,-0.0376532808886,-0.0272454841152,-0.0357557452308,0.0113733639769,0.053347063024,0.0717444096185,0.03091373183,-0.00644931601153,-0.0300793296736,-0.0267722183084,-0.0349487359304,-0.0497513201966,-0.0483843993887,-0.0492599199099,-0.0294666315387,-0.0179688334919,0.00370922054337,-0.0232924967671,0.00196238214695,-0.000976547738517,0.0178343081425,-0.00223207462693,-0.0152032700457,-0.0372106675135,-0.0592293109115,-0.0421896302493,0.010995118211,0.0054812681881,-0.00395257525859,0.00747923308076,-0.00646488264412,-0.0246473439383,-0.0461346269309,-0.0355513778361,-0.0464255650845,-0.0206483959665,-0.0325165078614,0.0218370629533,0.0435034757522,0.0540924851971,0.0224741117393,-0.00122678038184,0.0352952931095,0.0180537670166,-0.00815444641242,-0.00217668103525,-0.010117823462,0.000798097048861,-0.0162434186379,0.0329262517975,0.0216343208836,0.0108567492382,-0.0172557362386,-0.00175639005365,0.0147193148101,0.00881325422931,0.00411326586656,-0.0116892216694,-0.0410613829151,-0.0511046073176,0.00781747498016,0.00453558647409,-0.0031455092479,0.0063903288559,0.0246371711908,0.0451188651269,0.0273675947384,0.0646723008335,0.00736823549984,0.020949382914,-0.00355191770685,0.0569098674506,0.0186622103085,0.000657346108657,0.0212507616778,-0.0190797295355,-0.00735778607186,-0.0253847984238,-0.00476436761637,-0.0184860379132,-0.00277238665408,0.00526372030963,0.00387561956141,-0.00565705777013,0.00288518041423,0.0115501892069,0.0451207711453,0.0429994449706,0.0233712443005,0.00727889762055,0.032036299676,0.00659929977121,0.021721702995,0.0120379239487,0.0224625797731,0.0171067951579,0.0328542350933,0.0404892406086,0.0374901007356,0.0245121851718,-0.0513029154939,-0.0453321180949,-0.0548627324166,-0.0232573296377,-0.0532522851235,-0.0370849046691,-0.0215934418924,0.0123364154198,0.0453945609816,0.0355309866676,-0.00430484757718,0.0259813307141,0.00722434103058,-0.00909113440553,-0.0361797348973,-0.00350118174771,0.00116382576087,0.0271203945092,0.0494555635612,0.0105345085512,0.060151601228,0.0374110116736,0.0404282485828,-0.00197321313418,-0.0384278319926,-0.0112548755419,-0.00327809348771,0.0159845349932,0.0382720742688,0.0241560120704,0.0316216616637,0.0513928526638,0.0256026639495,0.0346221018322,-0.041036854242,-0.0803606905275,-0.0405188251756,-0.014655273942,-0.0113850713913,-0.0429983761412,-0.0518999102185,-0.0319064246059,-0.0159431320847,-0.00145389092882,0.0162835689848,0.00271636967175,-0.00401037583426,-0.0303436897593,-0.0492447349464,-0.0411580287118,-0.07115547448,-0.0553191758739,-0.0649736979671,-0.0729091127113,-0.0724675509436,-0.0428403849005,-0.0301215008765,-0.0247358099933,0.011780539026,0.00287372339828,-0.022718220414,-0.0100574095073,-0.00896214887859,0.0112309139248,0.00864680261076,0.0141626461052,-0.00309150048427,-0.0117727689378,-0.00486725771607,-0.0162486404707,0.0260687873323,0.0038572159582,-0.00160205478237,0.00413406662369,0.0103074740552,-0.0040131528953,0.0243893629077,-0.00891217810012,-0.0308259641721,-0.0114766073716,0.0155233500093,0.0658009061876,0.0409599515614,0.0453440885882,0.032647285166,0.012343113212,-0.0277038643717,-0.0350236369583,-0.0343590718901,-0.0451511113113,-0.0206944303092,-0.00639488494926,0.0332593406542,0.0573623578771,0.042972823303,0.0632064730814,0.0300118835077,0.0477072304242,0.0263297401717,0.0509739917947,0.0474119453875,0.0246790801903,-0.00163002134497,-0.0140901133191,-0.017460688456,-0.0308448638081,-0.039766062775,-0.0342369377621,-0.00847879957385,-0.0145926157473,-0.0317369159046,-0.0145589877986,-0.0299749213034,-0.0149312073766,0.00109229026503,0.0484971483544,0.0553092328201,0.102092055442,0.126204278132,0.0845172912806,0.063166899263,-0.000390671412706,-0.0362889523247,-0.0256740610324,-0.0208828449067,-0.0248835559121,-0.0321531331305,-0.0472487338966,-0.071857505197,-0.0669986752903,-0.070263256146,-0.0600775959374,-0.0378547841531,0.0118768723951,0.0263874612569,-0.0191756918988,-0.0350947771759,-0.0365097355837,-0.0776852595577,-0.0234563208016,-0.0264802343669,-0.000454714525383,-0.0222790257914,-0.0132664828094,0.00665919951696,0.0149828106246,0.0775783019738,0.10303746331,0.115010980424,0.0792189472857,0.0318288961916,-0.0260998044624,-0.0767883776402,-0.0908574609692,-0.0448987882069,-0.0413205373245,-0.0382515387289,-0.0273810803093,-0.0368941380114,0.00596114356689,0.0247275695421,0.016180062319,0.0498366503982,0.0427155722843,0.0340407987556,0.0663840461822,0.0335712522768,0.0127383201577,-0.00962371453698,0.00198818301416,-0.0340049748883,-0.0263796203414,-0.0605945004879,-0.0156585596374,0.0012698939706,-0.0219821339379,0.00434638668257,-0.0122770600505,-0.0158546491778,-0.0629451382078,-0.0261265250691,0.0135204388619,0.043769162133,0.0259612385668,0.0157749309808,0.0193903242374,-0.0106277222488,0.0140166151013,0.00931945917843,0.0158276200958,0.0523674919788,0.0291596654796,-0.00490763417251,-0.0166982208079,0.000523601939417,0.00135652100472,0.0615376474016,0.0777734353636,0.0679898123143,0.0643664603763,0.0761531431849,0.0298923207548,-0.0477592511864,-0.04464161625,-0.0464501864648,-0.0592220594079,0.00137336552811,-0.0278805509518,-0.0322278508113,-0.0206102793114,0.0504207939775,0.0351753428964,-0.00941501109048,-0.00806650641428,0.00260175457324,-0.00209465520339,-0.0395807296241,-0.0569516726504,-0.0321738476631,0.00156170929826,0.00711839796267,-0.000835708821367,-0.0576565929297,-0.0543666923694,-0.0264330898567,-0.0156789402961,0.0012466988014,-0.0196537375385,-0.0153119685819,-0.01211049548,-0.0520188852494,-0.0135660467147,0.00831279403409,0.0367051811146,0.0245701899603,0.0158161444487,0.0478086695477,0.0543914827583,0.00122715366843,-0.00191120426352,-0.00110064604327,0.046032904266,-0.0215169715042,-0.0533745739272,-0.0512346928622,-0.0664591868424,-0.00620940404578,0.0110374064683,0.0282923154332,0.0785423599096,0.0690872096358,0.0564814345675,0.0174554630197,0.00536053918413,0.0144238425229,0.0279826620139,0.00755695150318,0.0230689988914,0.00766880134826,-0.0259969431443,-0.0227042518203,-0.0469302536193,-0.0518050482639,-0.0293622044033,-0.0463122365461,-0.0200557123173,-0.00708256152756,0.000674546507826,0.00332800339027,-0.0244804982603,-0.0155351549077,-0.0365738751074,-0.000944774294538,-0.0015320059768,0.0148341448401,-0.0259048037358,-0.0250887374077,-0.00357035557739,-0.0286873746218,-0.0490706042168,-0.0310168347759,-0.0154779671326,-0.00654215320507,0.012128878759,0.0565458438128,0.0663739449148,0.0618040127929,0.0393691003387,0.0226954794892,-0.0132220084618,0.00640750284751,0.0278915143959,-0.0160927879538,-0.00861832310104,0.00929164869414,-0.0530431901999,-0.0739556049907,-0.0563132282759,-0.0712147728968,-0.0414618491789,-0.0474462102577,-0.0238732507247,-0.00928099890236,0.0102877728614,0.00542974244835,0.00799004097956,0.0324023308205,0.0272594641868,0.0131932359818,0.0686909790952,0.0657689546062,0.0393645223719,0.040601610807,-0.000495959205368,-0.00936247184812,-0.0225701631161,-0.00712993231899,0.00398002231055,0.00880425432558,0.00161029144284,-0.00367493554302,0.0166322053713,0.0160221130086,-0.000475792310205,-0.00886383367479,0.0144405158853,0.0243364479939,0.0398479003745,0.050816395683,0.0511051446886,0.0695392078674,-0.00498693857768,-0.0661399872162,-0.0480124257348,-0.0224414930812,-0.0143236827473,-0.0267483496182,-0.0130067213851,-0.0704724439014,-0.04596718149,-0.0386470073714,-0.0110267112716,0.00299362639374,0.00749655810672,0.0332380701703,0.0593222941103,0.0181978267296,-0.00156765672335,0.0218582345994,0.0342131176695,0.00605777102903,-0.010065717604,-0.0332974977525,-0.0310101693083,-0.0185617045634,-0.0148302779488,-0.0172994965862,-0.0108370787065,0.00459219477214,0.0102636632086,-0.0260200005537,-0.014454912592,-0.0223082273943,-0.00330795477114,-0.0106732717783,0.0021753539888,0.0130334385725,0.0130816221805,0.0299505556338,0.0267475343448,-0.0113938518446,0.00238447428962,0.0175782437967,0.011950041755,0.038819153273,0.000331397601015,-0.000482859566436,-0.0376901475481,-0.0615221430571,-0.00975190425526,-0.0283418944703,-0.0302327568737,-0.0381283931001,-0.0108650047322,0.0156853868017,0.0257516285738,0.0165513654662,-0.00809359049279,-0.00519895332818,0.0406997256138,0.0461077477037,0.00828026194289,0.0231415344598,-0.0098590930896,0.0342678808091,0.00270438997049,0.0113266269082,0.0277981566606,0.0237444339274,0.0247003527809,0.0305225314444,0.00979162891899,0.00348072140176,0.00766773254819,0.00937701835284,0.0834172302583
16_98_3,0.0206979238574,0.0127262053877,0.0119622062285,0.0580564035034,0.0536931547189,0.0154643623736,0.0455754646399,0.0411104551839,0.0540598465639,0.0241375704981,0.035413621123,0.0199608866198,0.0193969672401,0.0157255437376,-0.0183419038732,-0.00468280486081,0.0164316298049,0.0298374524355,0.00251063366482,0.0254604425353,0.040370946369,-0.000813615624658,-0.00553917235554,0.0441242645916,-0.00882822039416,-0.00624261943353,-0.00239971778906,-0.0135902756459,-0.00517857861899,-0.00418701484635,0.0212327704997,-0.040495713754,-0.0116610277398,-0.0464668803091,-0.0540176695821,-0.0107884252806,-0.0188128713911,0.0210539717729,0.00502200604425,0.0253329711491,0.00788888502268,0.0690567376874,0.0361832530623,0.0181145306491,0.0136297020601,-0.0368269779161,-0.0118907789514,0.0163841868008,0.0170721071179,0.0510609267461,0.00538348054274,-0.0158701112158,-0.0283646008799,-0.0646774561521,-0.0181597955841,-0.0304707577217,-0.00483897852497,0.0157716011952,0.0415030785062,0.0216522249311,0.00319600017716,0.047343371026,-0.0212508518606,0.0176182435699,-0.0450177018862,-0.00775484833837,0.0186116320983,-0.0190101257591,-0.0367252556755,-0.0301986641849,-0.00878171577428,-0.0195221443054,-0.0418299981448,-0.0247304062608,-0.0208049894141,0.0273287500527,-0.00749213909998,0.0119064738668,0.000690193192084,0.0380400111643,-0.00502484745539,0.0296714230696,0.0311823179299,-9.44156968836e-05,-0.0170417064586,-0.0410009351248,-0.0483790887051,-0.0461502058236,-0.0084516559527,0.0141475459714,-0.0209600920365,0.034900895081,-0.0219880449802,-0.0185763896761,-0.0461785108923,-0.0271979401947,0.00173806698985,-0.00704557513368,0.00925578744758,0.049150250072,0.0544232932835,0.0482174950412,0.0195465669106,-0.0404121100321,-0.0839524585177,-0.0369506017698,-0.0478769195143,-0.00328548319297,-0.00659498594271,-0.010848655257,-0.0316948944446,-0.0235538196036,-0.00559148030274,-0.00116264784796,-0.00820416199477,0.0122464753657,0.00533354954385,-0.00474875642055,-0.0483787497139,-0.0541808275703,-0.0364197263373,-0.0276619826073,-0.00643166687776,0.00153614395167,0.00812299419974,-0.0256719851785,-0.0495637168217,-0.0580348653824,-0.0182669662022,-0.0355511554908,-0.0203526486576,-0.0353765934999,0.0109977515573,0.0417224991727,0.0319593250273,0.0341362219848,0.0394562337877,0.0484279250976,-0.00303797237772,0.00187003280627,-0.00511774793364,-0.033727018394,0.000669083678693,-0.0384474247399,0.0399492505988,0.0544402168679,0.0616175484475,0.0405087040296,0.0333471447673,0.0407685326667,0.00753848339341,-0.00221727524254,-0.0256118251141,-0.0245044292495,-0.0373069889031,0.00229157484019,0.00452123367458,0.0128103610474,-0.00506861145188,0.0258261192515,0.0262451520486,0.0170040248103,0.0441733713476,0.0121456466645,0.0263500535522,-0.0086082623927,-0.0215075021998,0.0147295376208,0.0014172273058,0.0323790985969,-0.0175782814538,0.022084950074,-0.0149612581397,0.0121610662209,-0.0290655533074,0.0210795600458,-0.0230259811637,-0.0251026310284,0.00310968201692,0.0147146257517,-0.0189638907707,-0.0088242443847,-0.0111983924267,0.0054470100138,0.00722404730242,0.0289858092056,-0.0184122246043,0.0235926433943,0.0106201706619,0.0206500753737,-0.000293380767336,0.00940786198711,0.00884527898952,0.00555820745763,-0.0369639027033,-0.032120742786,-0.0351004766028,-0.0413105115207,-0.0261460920145,-0.0503395469379,-0.014502373911,-0.0210548813363,0.00478633584652,-0.000941200605047,0.0741481507162,0.0416115224368,0.0202825058532,-0.0222656173714,0.0231917889947,-0.0326104093687,0.0433248936491,0.0144502818161,0.0457298174447,0.0232422060671,0.0251151794409,0.0496970037329,0.0449254057679,0.0377531304527,0.0262296282365,-0.0108758005553,-0.00315498359983,0.00108834268764,-0.0447757596132,0.0304320187369,0.0550177438181,0.0242544267972,0.0447255106968,0.0071219983341,-0.0115476972882,-0.0607571286648,-0.0632315595596,-0.0537113263956,-0.0120665542871,-0.0157896900404,-0.0269449791432,-0.00922264132133,-0.0355766154549,-0.00825745295388,-0.0186780775324,0.0321003028062,-0.00811884389669,0.0286934460861,-0.0266279735716,-0.0217864727115,-0.044002471456,-0.0384913605059,-0.0334256805368,-0.035406615409,-0.036050359445,-0.0497589861963,-0.0387113216722,-0.014481157132,-0.00185455560525,0.00876377749542,0.00424487101812,0.0160895371318,0.0055168377355,-0.000358568796325,0.00408157760356,0.0089075766656,0.0124679700961,0.00599526910547,-0.0242231311766,0.027009521602,-0.0164919513507,-0.019240705448,-0.00144565838735,0.0147439578888,-0.00298006916847,-0.03132353214,0.0148402523947,0.0392516320765,-0.00102510485883,-0.00747891332456,-0.00464542792058,-0.0117145017454,0.00201573641959,-0.00564137877069,0.0723064001331,4.57788031649e-05,-0.0382582530979,-0.0114237047558,-0.0163934370833,-0.0257788383764,-0.0271501778349,-0.0175683428974,-0.0211209268536,-0.00358856057971,0.0243749555701,0.0233788746943,0.0206390454735,0.00904922101073,0.00555920271662,0.0208079266676,0.0606000705132,0.0444243304356,0.0465802390521,0.0219996167073,-0.000283315659092,-0.0314351359378,-0.0280085455456,-0.00879185669784,-0.00180485611419,0.0193324671029,0.00382429603318,-0.0287047252595,-0.018922168177,-0.0481102365399,-0.0280689453685,-0.0197282876031,0.0579732916134,0.0348659325034,0.114814558222,0.0792525583441,0.0311660449385,-0.0158040516625,-0.038854115694,-0.0564928053642,-0.0291823337372,-0.0882755160541,-0.00954961781132,-0.024705885814,-0.0528712833205,-0.0561073931416,-0.078118313167,-0.0431035189524,-0.00132363018311,-0.00904359189141,0.0231054062278,0.00377501219574,0.0151947575119,-0.0275519354362,-0.00491506287466,-0.0320233734257,-0.0290507322404,-0.00991648710592,-0.00639787817556,-0.0213274890977,-0.00680914111321,0.0120122218542,7.74232454468e-05,0.033961818858,0.0841609014379,0.0418453990837,0.0142661023144,-0.0269870340094,-0.055218076286,-0.052759380613,0.00166884017256,-0.0220425125361,-0.0328665617558,0.00708045757545,-0.0133260660623,0.0130557188608,0.038173645289,0.051159842233,0.0223852824815,0.0132249707068,0.0372187912989,0.0354002000138,0.0534315127711,0.0229316028554,0.0240662981986,-0.00512185659507,-0.0102243769884,-0.0537921552425,-0.0464432049115,-0.0250071162225,0.042363041239,0.0435255732001,0.00778971441312,0.0143866957086,0.00598838064775,0.0447363884234,-0.0638864601559,-0.046881161905,0.0230428887646,0.0721514335575,0.0630898635294,0.0460684285646,0.0591399215559,-0.026629560588,0.00202162208812,-0.0198303424253,0.0332191713277,-0.000908174938543,0.0333073042161,-0.0139172824085,-0.019378155799,0.00263904848333,-0.00261445553785,0.0491943122732,0.0138001651056,0.0522189956501,0.0688285852269,0.0190526259679,-0.044243317865,-0.061704712538,-0.0525900847929,-0.0309097615159,-0.0777611638319,-0.0199408124808,-0.0339883158819,-0.021945173123,0.00585910447612,-5.5444833659e-05,0.0161214016472,0.00927106966739,-0.0173232218365,0.00822467277918,0.0234489843087,-0.0248621483169,-0.0200002400742,-0.014238077131,-0.00954348236056,0.0231100423254,0.00228029966209,-0.0599602672255,-0.0080817892718,-0.0257057032454,-0.0283371632022,-0.023115522378,-0.00471325952373,-0.0387954674492,-0.0185016271421,-0.0245988055963,-0.0063896677893,-0.0344467410987,-0.00930237628258,0.00538158176911,0.00322303830374,0.00158854692078,0.0379287681099,0.00439563789174,-0.0092339632304,-0.0418817309147,0.015916319373,-0.0330751105876,-0.0405143075802,-0.016309160072,-0.0596575424461,-0.000471544563975,-0.00110579120673,0.0702029663559,0.0810745910808,0.0603376198559,0.0352077083324,0.0534887554201,0.0349692965469,0.0274553960346,0.0329832518311,-0.0232748394039,-0.0173366626096,0.0409385741958,-0.00142168009239,-0.0493361834432,-0.0281976407445,-0.0551553196867,-0.0256984422949,-0.0398374830137,0.0172926095327,-0.0322343134748,-0.0421820785461,-0.0286904021983,0.0257564401906,0.018687560808,-0.012163091702,0.00879238758987,0.025000962977,0.010525156457,0.00924088122819,-0.0314149916583,0.00296957818057,-0.00675122158055,-0.00632047597517,-0.0285024294878,-0.0317860036692,-0.0132722725225,0.0381742373351,0.0358174215121,0.0528608264462,0.0635712880241,0.0415890982558,0.0042965475026,-0.0136072522401,-0.0174891168382,0.0472362136656,0.0025161396727,0.0227945849545,0.0259394887273,-0.0419874424449,-0.0443315240458,-0.058601349511,-0.101973425153,-0.0228931443894,-0.0629819469911,-0.0206770699337,-0.0172170028027,-0.00666741389009,0.00423513099411,-0.00192758901786,0.00385584343463,0.018570664593,-0.00870410595858,0.0308983735957,0.0352795288997,0.0484400778798,0.00639714074382,0.0276368785427,-0.0329659552657,-0.0316102536991,-0.0247873839543,0.00194772615875,0.00528480018087,-0.00392318560798,0.0154417299861,-0.00347285559425,-0.00512931257076,-0.00403284328552,-0.0457905777255,0.000298845781382,0.0512958976328,0.0557541431096,0.0471414399478,0.0601901275438,0.0690208734769,0.00462147868646,-0.0939074892169,-0.0320910103709,-0.0237425640303,-0.0116839168287,-0.0331621228688,-0.0259446689232,-0.0436547709615,0.000834202534997,-0.0446864587714,-0.0143632646345,-0.0168911501234,0.00585763673094,0.00349078105261,0.0374197254052,0.014084053166,0.0281668096044,0.00240110758143,0.0123036226455,-0.0414641965296,-0.00191314438607,-0.0567145396664,-0.0556206767046,0.00988736124276,0.0105644708091,-0.0287078736903,0.00826092468745,0.0179709472762,-0.00834933927031,-0.00848484960105,0.0064297420688,-0.00404704760629,0.0128791321309,0.0163135328675,-0.00147040623261,0.000550277556285,0.00465625715663,0.00295905907061,0.0396037008912,0.0105822577983,-0.0125462418834,0.0346742586351,0.0088401791065,0.0396740591601,-0.0085619606796,0.00962433250504,-0.0188138506715,-0.00169706787489,0.0165510116285,-0.0200659432796,-0.00536388106417,-0.0133098417833,-0.00683394126954,0.0295007485804,0.0355117709381,0.00680558696273,-0.0330606846352,0.00918551569053,0.0800855277366,0.0565817547025,0.00824356345768,0.0560776733472,0.0182604937079,0.0151673636363,0.0183722723256,-0.0093674408853,-0.0189920468113,0.00599461532208,0.012683775693,0.0251447292332,0.0100476674115,0.0039873008443,-0.00268486494133,0.0238049102869,0.0627101418842
