5_482_0,-0.0239269040473,-0.0244003437213,-0.00787390688399,-0.0344693354658,-0.0488788022349,-0.034663957381,-0.042033942768,-0.0629418835386,-0.00857865035176,0.0119191918999,-0.0382200999288,-0.0366881952351,-0.0416690457051,-0.00281845973606,-0.0333775201296,0.00792890345751,0.0417980924021,-0.0111510132555,0.0128224829876,-0.013023493818,0.0373843551072,0.00226721575716,-0.0403819610034,0.0211105212301,0.0296086523875,-0.0313541448046,0.0163192135269,0.00174245882994,-0.0329068666966,-0.0115863374479,-0.0127588890855,0.0538544425689,-0.00875681490499,0.0114306317429,0.0103262023731,0.0175176384736,0.0141288557627,-0.00540048275729,-0.00583925731356,-0.0101781405371,0.00138937284736,-0.0371037413034,0.0266356947221,0.0100733826739,-0.0135254948788,-0.0279862605227,0.0122845576713,0.071427497249,-0.0136670823689,0.00782190586218,0.00483209240295,-0.00384252089609,-0.0136865082092,0.0129546839249,0.0415635299231,-0.00789956728699,-0.00706698593967,0.0101841374593,-0.0157749734882,0.0160717565,-0.0189150417527,0.0150027363933,0.0262318042628,0.0355388164561,-0.0159368307754,-0.00858680388455,-0.00138497459645,-0.0450043218096,-0.0363918753395,-0.0392339244842,0.00057767166884,0.0521414203938,0.0386255230206,0.00423317962631,0.0783464331924,0.032566641927,0.06635553125,0.00267413156834,0.0287350462067,0.0926095492283,0.0201238930896,0.0426951472073,-0.0117699675513,0.0111151237326,-0.0488894341741,-0.0199951648042,-0.00678067058581,0.00180896350861,0.0120027701045,0.0464919263469,-0.01702691146,0.0116021960543,-0.0258930165008,-0.00343403262965,-0.0483455930123,-0.0384151868912,0.029089845097,-0.00500664217129,-0.0194330619455,0.000746999956781,-0.0354771517585,-0.00290530366563,-0.00661261886614,-0.0751227895397,-0.017083792691,0.00686061757677,-0.00711725163539,-0.0301518287826,0.0213139022781,0.0381035803614,0.012876820642,-0.0390647997039,-0.024099241619,-0.0110756330769,0.0115018065178,0.00905959090336,0.056269838297,0.0128255849213,-0.0189720422477,-0.0174260877381,-0.0331272398238,0.0398404895459,0.0312498345887,0.0286458866612,0.0527259072976,0.00711042737659,-0.00101911492631,-0.038072997685,0.00188533715622,-0.00754686178547,-0.0429738386382,0.0118837789733,-0.0182881032224,-0.0337478190866,-0.0637152199934,-0.0231709726722,0.0273951276463,0.0324363723846,-0.0446873392349,-0.016128616917,0.0199800392749,-0.0102010129662,0.0204454918075,-0.0170655137949,-0.0423841198101,-0.0359681541875,-0.00719459796461,0.0216950376295,-0.014744056534,0.0309112641595,-0.00836942605096,0.00819818273124,0.0184044683071,0.0512260181301,0.0377026493215,0.0521317507173,0.0196191527123,0.00327563123724,0.0532664780901,-0.0138756633556,0.00254510314689,0.0155279295383,-0.00356038045314,-0.018809378738,0.039093093376,0.0188347155869,0.0475371026695,-0.00599032520026,0.0256261420225,-0.0184431142251,-0.0598384835301,-0.0517483038092,-0.0181128607518,0.00914382380732,-0.00954054425661,-0.00704112423958,-0.0250726092359,-0.0224565827903,-0.0211224864488,0.0294547547915,0.00148802031162,-0.0413949546646,-0.00754490453776,-0.0249992114079,-0.0186923376034,-0.0300505163287,0.0551079494345,0.0109217758298,-0.0300926445765,-0.00477803105656,0.0163220589459,0.0180468017168,0.0185286042016,-0.0607874287632,-0.00771951356576,-0.0254445490242,0.00894000453848,0.0219713984758,-0.0274275210145,-0.0140663546697,-0.000373260828315,0.00701694782761,-0.0108824414099,0.0132581374543,-0.0247681378942,-0.0258651030088,-0.00329147538257,0.0469949253133,0.02210562595,0.0214087833787,0.0286431072643,0.0492553925585,-0.0200181159089,-0.0104571224137,0.0702399149311,-0.00309153598099,0.0113042659142,-0.0548119469995,-0.0184095052227,0.0156218820168,0.0393717160452,0.0301550091905,0.0236891342557,0.00591143293091,0.0423113479591,0.0393185054397,-0.00235299750032,0.0231221014699,-0.0648263626355,-0.0129708120655,0.024917572924,-0.0169098085261,-0.00531273820943,0.0285053126696,0.0391565336731,0.00969478265353,0.00228933884885,-0.0265617684455,-0.0267032735758,-0.00654931485103,0.0682206819818,-0.040484513378,-0.0379449950666,-0.04084684586,-0.0463835013218,-0.048312537229,-0.0170418056513,-0.0230088819421,-0.0172427469922,-0.0314860175125,0.00784404768934,-0.0276578009924,-0.0353716411268,-0.0394903511159,-0.0475076372019,-0.0103571486016,0.0192462097584,-0.0186248873034,0.0120195333618,0.0101773431476,0.0160977985577,0.0303136787037,-0.020804170184,0.0134563133691,0.0166187427326,0.0365917436809,-0.00163657138574,0.0143379777738,0.00357015319647,0.0400959060229,0.0388503669551,0.0295397975698,0.0714282228213,-0.00895465431757,0.0171471230816,0.0583228080956,0.0611389611755,0.0271318163137,0.00740133322201,0.00326679513519,0.0305726175799,0.00471468901167,0.0607498502506,0.00101529898531,0.0732892367284,-0.0237144781215,0.000702715170943,0.0132514397227,0.0272778812087,-0.0544016171859,0.000421817425714,-0.0314866994523,-0.0103780452374,0.0398594125697,-0.0553486311983,0.00687513462932,0.0254595808363,-0.0204189165169,0.035368210378,0.0091274987991,-0.0430517656684,0.00578340356598,0.0276152533922,-0.00377816773929,0.0133312206326,0.0330336198873,-0.0539722497219,-0.0401435493978,0.00531995984802,-0.0333520982445,0.0225095621051,-0.0453936827543,0.0378791673403,-0.0194825492234,0.0126552805078,-0.021173939338,-0.0180723139917,0.00288908735453,-0.00724899173297,0.0109682362737,-0.0553135930265,-0.0209659947604,0.00236675396072,-0.0184123761325,-0.00416623034642,-0.0448699393744,-0.0228441280258,-0.00108442458766,0.0407233711705,-0.0241612349418,0.00499445599514,-0.028744542105,-0.00050544265795,-0.0416603699171,-0.0459280853564,-0.0440638419741,-0.0245255291338,-0.0602654410876,-0.0445275638522,-0.0344842842739,-0.0148599906848,0.00649765384785,-0.00534015137864,-0.0395974851152,-0.00407146789311,-0.024628917374,-0.0399357035955,-0.0767481340512,-0.0082724827278,-0.0293764785405,-0.032023968404,0.0338662984349,-0.011117893177,-0.00210398957245,-0.00951407990623,0.022735497184,-0.00803326016027,0.0322618193597,0.0156993762423,0.0491076843055,0.0235566994948,0.0150102494785,0.0591268927424,0.0371294023909,0.031111406741,0.0222466436169,0.0342867333431,-0.00276952298456,0.0258385669946,0.0158785617657,0.0378500102853,0.0422740781364,0.0189709021736,0.0115134800808,0.0253640849178,0.0433002439187,0.0198075418692,-0.00227481217756,0.0315242079606,0.0591313258686,0.025758975833,-0.00366394942782,0.0155949619749,0.00234034760926,0.0509254204152,-0.00717206574092,0.0341432365699,-0.027020850361,0.0205575284336,-0.0115200047473,0.0490486226176,0.0116448565301,-0.000460429983431,0.00990050640402,-0.0188228646253,0.00376108865225,0.0121469190418,0.0402105383619,-0.0238836048533,-0.00222292179418,0.0132914957938,-0.0121646395266,-0.000533835500291,0.00666301082425,0.0169494790566,-0.00153352732503,0.0355434063071,0.0329911583146,0.0634418312016,0.0341281830906,0.00956151335436,0.0489069598016,-0.0282485032901,0.00327775114683,0.000532724595227,-0.0594701808223,-0.0651823904997,-0.0300712980144,-0.0011828254496,-0.00391081620991,-0.0334835721356,0.0239496102536,-0.0169580537435,-0.0162115170299,-0.0444357346406,-0.0237396402884,-0.00554938386877,-0.00127177818476,0.00694363548674,0.0117122048347,0.00485028655426,0.00755953450585,-0.00601231900097,0.0132152552126,0.00984544031111,-0.0208157610185,-0.0255027755861,0.0398481643619,-0.0282748875133,-0.00745208955734,0.00278657487575,-0.021882121297,-5.875321124e-05,-0.00978781967107,-0.0679236048634,-0.0723830861278,0.00177065683783,-0.0170125441281,-0.03685112825,-0.0542212751805,-0.0454393335195,0.0143481474461,-0.056080116942,0.0100198670093,-0.0214336205311,-0.00495117903524,-0.00981845294402,0.0266767414127,0.0225135112554,-0.0288449861682,0.00611024649638,-0.0284968167169,-0.0178598071809,-0.0178128346042,-0.0275937470415,0.00581758614096,0.00457189723313,-0.0197278621624,-0.0099102402259,-0.00770025229764,-0.0313336763784,-0.0235569168296,-0.0129615553894,-0.0292265952963,0.00491567899324,-0.0268223471704,-0.00719819551521,-0.017969403023,-0.0131198407344,0.000672339668556,-0.000661395285597,-0.00305842276124,0.00903551750736,-0.0121371605818,-0.0386866070407,-0.0253905425442,0.0346471317895,0.0211811130115,0.0496666532656,0.00123345919906,0.0269239072223,0.0458176675122,0.0120462617807,-0.0200090358959,-0.00101412500768,0.0843197032405,0.0637998106807,0.0778856736994,0.0899801612563,0.0750340136626,0.0577573053253,0.0221953690461,0.0401981658673,0.0251115586545,0.0616362992172,0.0356362903512,0.00263415338867,-0.0283148214425,-0.031872243295,-0.00737884666008,-0.000803354641007,-0.0170494857185,-0.0167961579192,-0.0180377252877,-0.024578907614,0.00435112179851,-0.000842183572963,0.00434309796741,0.0125323482261,0.0858457911326,0.0389162431188,-0.011020241699,0.0608747669393,0.0303460432584,0.0151157943241,0.00369772071553,-0.0118072615325,0.0306333087532,-0.00527215633782,0.0236945933222,-0.00803838737132,-0.00301916197144,0.0051532187563,-0.033945499325,0.00958848762337,-0.0370736605404,-0.0587100291278,-0.0327468971599,0.00403673017673,0.0172695692551,0.0160995367314,0.0148392446371,-0.0269024856712,0.0337153526048,0.0281327075268,-0.00600412829558,0.0345227313049,0.0171321628184,0.0061068635757,-0.0299618971969,4.1368003388e-05,-0.0165225059088,-0.020707411639,0.0173496617467,-0.0517993445467,-0.0549676053731,-0.0646207051881,-0.0420691956823,-0.0241058506213,-0.0402443534173,-0.00643918626798,0.00161089836552,-0.0220987253419,-0.00967175971025,-0.040544920892,0.00434121041586,-0.019685495839,-0.025445050553,0.0180895021893,0.00895817812562,-0.0465013775307,0.00634380091471,-0.0279117375382,-0.00136930222976,0.00725265669048,0.00337498025704,-0.0345525661282,-0.0187840622281,0.0188647397454,-0.0131569967308,-0.00210167066003,0.0092584330562,0.000797886280283,-0.0269307618364,-0.0451490088494,0.0169451984982,-0.0161015834573,-0.018633269929,-0.00204792174674,0.00966592146375,0.0027317177218,0.0301645416498,0.0359690526305,0.037946594729,0.0410491890235,0.050530749015,0.0144513645871,0.0044852507868,0.0122986837917,-0.0433592879039,0.0160711722369
5_482_1,-0.0162942719558,-0.0227846402506,-0.0397677933069,0.000307684825809,-0.0744436301808,-0.0156311104201,-0.0154275769059,-0.037415028734,-2.71379440343e-05,-0.0201061683111,-0.0439457052167,-0.0209654149805,-0.0591794073728,0.0354354279047,-0.0275052257603,-0.00301384208865,-0.00131388359789,-0.00916929143231,0.00131681312391,-0.0154873477793,0.00981272027477,-0.000458892464772,0.0250219166186,0.0473308212696,0.0023040830103,0.0109470077949,0.0335820316077,-0.03573847047,-0.000429486094143,0.000543767856444,-0.021192913868,-0.0100141261937,0.0176932553073,0.00678785549533,0.0239728941714,6.40443169972e-05,0.00687602484967,-0.0135958319902,0.0222794666925,-0.00405911125829,0.0103089929838,-0.0332303166191,0.036899038604,-0.00980914389919,-0.00119934409491,0.0170403271088,-0.00745422091177,0.0225223029223,0.0458731107006,0.000924195397299,0.0345012797248,-0.0131310266408,-0.0342553812889,-0.00647174525199,-0.00247896952239,-0.0468747166085,-0.0407915139362,0.0306409482488,-0.037927182931,0.00965257437265,-0.0258695071375,-0.0198459995838,0.0382534095536,0.052551894141,0.012656669043,0.019787676609,0.041278192065,-0.0094911796783,-0.00953313293755,-0.018237937392,-0.0019469163153,0.00031536939843,0.0261621261054,-0.0183676614546,0.0509880065612,-0.016631975603,0.0263651682724,0.00052374832514,0.0356543636541,0.00822806669815,0.0180702177725,0.0138402736694,0.023371371281,-0.0117493415083,-0.0489892455941,-0.0377834339963,0.0101840521509,-0.0136121476518,0.0172350081861,0.0106033194145,0.0155513374113,0.0291193182896,0.0103405681749,0.015373018266,0.0121013416128,-0.00514286882563,0.00219531172349,0.014681820597,-0.0109166422159,0.00301415323603,-0.00440497094499,-0.0164361407088,-0.0223617279662,-0.0353015386109,-0.0329424425816,0.00142873034794,-0.00844118777309,-0.0121808887241,-0.00313425554977,0.0330385913077,0.00256061168964,0.0107560103243,-0.0181011695871,0.0382092830665,0.0171194623395,0.00840842547288,0.061968958625,0.0112750316666,-0.0271076549043,0.0346146180754,-0.0110291479387,-0.0373625832959,0.0314480929194,0.015623005608,-0.00525888594621,0.0056593363628,0.000551017609195,0.0018271578681,-0.00750585464929,0.0258049505914,0.00179111269718,-0.0337411034191,0.0202486188594,-0.0116253344827,-0.0755196201179,-0.0055010181214,-0.0114899283129,-0.0132311839528,-0.0016153572643,0.0139052018402,0.0131851545266,0.0115975917434,0.0212600292426,-0.0329474765202,-0.0165941943744,-0.0436854209155,-0.0277282977617,0.000769768113983,-0.001378325068,0.0103556557737,0.0238626808259,0.0359823930066,-0.0140185619238,0.00325333597658,0.0575161337275,0.0157031915567,0.0197504643507,0.00220325651939,0.00819328940796,-0.0225524061506,0.0259959630899,-0.0114583827308,-0.0227733615106,0.00441023590198,0.0158941236963,-0.0134080872191,0.0120400784931,-0.0215264135913,0.0154397110753,-0.0463841647373,-0.0512720387627,-0.0305388396448,-0.0265757930444,0.0138648696075,-0.0276366659528,-0.0072185027619,0.0180759294123,-0.0354611908195,0.000205446115296,0.0181226681162,0.0224209797312,-0.010035564193,-0.0167258217582,0.0172974831449,-0.0196385689894,-0.0142175963814,0.0323464948407,0.0277683606339,-0.050413742605,0.0174352412725,0.0106278783431,-0.0160302639372,-0.0250320322316,-0.0174243719177,-0.0235536843267,-0.00679646444258,-0.0079785877803,-0.00355880836633,-0.000346017555705,0.00752106845941,-0.0249861576876,0.0259180090594,0.00842809839873,-0.0203265725796,0.0397092827701,-0.0295161152746,0.0177487975393,-0.0083054017984,0.0281476648123,0.0405766440628,0.0163291749407,0.00240989414227,0.0265999492261,-0.0271038448693,0.0421114650486,0.0296224532759,0.00138457222457,-0.00212729555572,-0.0833556027866,0.0145914724978,0.0600071658979,0.00815569187265,0.0482206922414,0.0489655360457,0.0358571025901,-0.007492300188,-0.0047766175747,-0.0155289239088,-0.0403718938314,0.00196450062147,0.030773993475,0.0173986912567,0.00633002730972,0.0177728047249,0.0457996789686,0.00270781488938,0.0144952555828,-0.011189652612,-0.0012525689031,-0.000719653826297,-0.00329745641117,-0.0313949429723,0.00102957841164,-0.0440743086023,-0.0236539982226,-0.0410363419143,-0.0517400649915,-0.0361798274376,0.000663517005166,-0.0329193165795,0.00766172935092,0.00362027221364,-0.0210486055226,0.0028693823794,-0.0194233324079,-0.0417637843322,-0.00254997488779,0.00225093117672,0.0389092163568,-0.0107772678064,-0.00213332965572,0.0481709254118,-0.0181667508684,0.0192207641937,-0.00215147903248,0.0228172926303,0.0135792127055,-0.00680591022649,0.0142453933056,0.0379443631588,0.0611258014308,0.0300846263712,0.067407854478,0.0191796246109,0.0255652024685,0.0122012425012,0.022766635682,0.00360537085301,-0.00602734035168,0.0336902215029,-0.0125099770431,0.00412085747469,0.0438734030213,-0.00147939168143,-0.00905899213881,-0.00681821507405,0.00440065204127,0.0153906896712,-0.0167624370928,-0.0874648582584,0.0193091484357,-0.0157391006409,-0.0350032032656,0.00882643801875,-0.0181868559114,0.0358154073917,0.054926044093,0.0035391647787,0.0289189401757,0.00465807548845,-0.01208965092,-0.0138249233461,-0.0120130262815,-0.0118364627979,-0.00477030286206,-0.0339142989386,-0.00784696851991,-0.0189779371959,0.00566517958819,-0.0319453869295,-0.0176053847649,-0.0206280908201,-0.00749481379867,-0.00961462140403,-0.00589798107752,-0.0204682943151,-0.0156762667805,0.000274550487532,-0.0158868308273,0.000752349810853,-0.00300022615174,-0.0102627081868,-0.00575460219259,-0.0338106758876,-0.0292533684323,0.000422668642863,0.0137219833462,0.00640821844558,-0.000368328752217,-0.0171287233246,-0.00970987410879,-0.0240339221864,0.00142971059456,0.0092979958325,0.0101046748097,-0.0348085362512,-0.0557901178943,-0.0293213909952,0.00168754134619,-0.0351332143147,0.0298790579233,0.0160653384707,-0.00536769622838,0.0150893176448,-0.0213738650005,-0.0229618731539,-0.0557277560072,-0.0181229859367,0.00639914993022,0.0138395908615,-0.0403619196612,0.00598615559376,-0.0235669359947,0.0140634861681,-0.00113207943742,-0.00170247942361,0.0509976803027,0.010317050357,0.000158764339519,0.0526389667552,-0.00557688159525,0.00776312490397,0.0520665284752,0.00506102613029,0.0181392285894,-0.0257549983605,0.0367532876238,0.00340933118988,-0.0269230450686,0.0185525100871,0.00558986982136,0.00479610477692,0.0167917400457,0.065229436781,0.0409854622477,0.058710576377,0.0118802618461,-0.0254863987633,0.0332283692038,0.0391904670178,0.000173193348157,-0.0257639310631,0.027148476635,0.0125992537737,0.0243828565071,0.0175188846226,0.0496331093485,0.00671377943606,-1.42018319652e-06,0.0200232915074,0.0088341941561,0.0149020765672,-0.0112165857213,0.00411844645968,-0.00913755446432,0.00806140699052,0.0232958265785,0.0205429912157,-0.0123452201678,-0.00991349544545,0.00469748444228,-0.000904753892314,-0.0120746292863,-0.0118129642728,0.0108176506121,-0.0172378545719,0.0663667490366,0.0600992221447,0.0142033775739,0.0123150663015,0.00609297827239,-0.000722713923527,-0.00340290813329,0.000302066909962,-0.0479179124398,-0.000300961505905,-0.0662132684656,0.021898279196,0.0100687764515,-0.0178820223888,-0.0183010166069,0.0270206220856,-0.0326003837247,-0.0528561644839,-0.0398510721857,0.010079666068,-0.0196091977326,0.00777932143467,0.00825817683117,-0.0287643120088,0.00593623862141,0.0203035916692,0.00384261436511,-0.00876780876541,-0.0155290846326,-0.0223125968821,-0.0291150082516,0.000194058646914,0.0153191937944,0.0207044274326,-0.00573120791992,0.0181614683692,-0.0121857000015,-0.00928398349083,-0.0287496669745,-0.0180123647426,-0.00608060919855,-0.0109371283422,-0.00680284667658,-0.0314512941239,-0.0362307582361,-0.00799097638518,0.012237277486,-0.0186847434721,-0.0390933468394,0.00533057105247,-0.0298300290827,0.0223378382797,-0.0187018933778,-0.0079387346324,0.0230732699466,0.00602217258289,-0.00180576359178,-0.0392381061243,-0.0374059635627,-0.0182652668185,0.000948094416629,0.00474608854388,-0.0529673199285,-0.0388615454136,-0.0196074692545,-0.0109657732735,-0.0211434349768,-0.0152363256002,0.0203808355391,-0.0345760982845,-0.0023127094904,-0.00785523321571,-0.0366788162043,-0.0149000760886,0.0460966817758,0.0202769611496,0.0291924132488,-0.0657787066726,-0.0120240920131,0.0189650526855,0.0546578229125,0.0541921485969,-0.00523799732667,0.0270059154608,0.0127339244534,0.0482295417787,-0.00387987169748,-0.0109167450996,-0.0381770985404,0.0620287618428,0.0317242454957,0.0361944425793,0.0280838977667,0.0822410025673,0.0521768171302,0.00824727360231,0.0622858803053,0.0311029661419,0.0395756568572,0.04921540802,0.0171351916732,-0.0268657098229,-0.0489958789034,-0.0498173606238,0.00469859902117,-0.00781642383217,0.0213594246798,-0.0014837832336,-0.000607355101673,0.0102780911435,0.0184931490117,0.0579492714527,0.00313656888697,0.0609363213315,0.0359447825868,0.0190082074794,0.00691500322082,0.0101192867811,0.0143011933043,-0.00513715573654,0.0351614938412,-0.0194212575665,-0.0156595091203,-0.00321576353852,-0.0213525185217,-0.0200170436827,0.0242466466676,-0.0109883472667,-0.012974914747,0.0327937145809,-0.062643251343,-0.0164371828788,0.0102164655602,0.00608935291877,-0.00402786672055,-0.0100543538045,0.0057861148239,0.0516603905955,0.00899212324259,-0.00932749872713,-0.0419906704127,-0.00214633552649,-0.0312398884779,0.00147356333025,0.0165145096968,0.0147468344619,-0.0379561490211,0.0154327136004,-0.0214505113483,-0.025769248522,-0.0499352587012,-0.0375774281152,-0.0261155844198,-0.0154749837385,-0.0220226185026,-0.0141826709864,-0.0211835172519,-0.0167931993839,-0.000690883154674,0.0126721491088,-0.00256054571302,0.00299852473578,-0.00175756963471,-0.00887638954642,-0.0407166458531,-0.0270434161585,0.00365186253989,0.00510010399345,0.0291232371821,-0.0184206873104,-0.0286494584956,-0.0103122309525,0.0227986229418,-0.0223121345664,-0.0043115751685,-0.0102255126484,-0.00344413172869,-0.0463312295196,-0.0351728757958,0.0255146097181,-0.00339571011671,0.0130651448415,0.00358029548319,0.0191113381381,0.0141799848072,0.017074241267,-0.00504791691955,0.000986861206251,0.017080822017,0.0130217316076,0.0342253714048,-0.000730763439775,0.00857603834618,-0.0203336008177,0.0121190847522
5_482_2,-0.0142168410402,0.0216685069491,-0.0330024645425,-0.0432175399509,-0.0211014730378,0.00287989574298,-0.0455218792488,-0.0613527953054,0.0190296545739,0.0303130511772,-0.0297278130132,-0.0496720941191,-0.0341415014581,-0.0272425747318,-0.00780481569747,-0.00350567628138,0.0100685731754,-0.00900596850596,-0.00171564920261,6.28114774203e-05,0.0230871867916,-0.0306841146124,-0.0279270384458,-0.0102716369162,0.0373582614889,0.0198981636884,0.0217877103464,-0.0206900393999,-0.00738997160118,-0.032591519811,-0.0421641869921,0.00103269726285,0.0188206246878,0.0244189559527,-0.000982315542006,-0.0142495787333,0.000780416911304,-0.00758746959484,-0.0211123314915,-0.0364837998195,-0.00641097657332,-0.015729993835,-0.00839647217858,0.0196086582296,-0.0141577666149,-0.0274552985379,0.00174130148296,0.0652288057977,0.00614115726543,0.00888265479043,-0.0116479811987,-0.0101083670196,0.00647533503633,0.0149079661475,0.0306579446651,0.00891939799375,0.00670890935724,0.0176439334191,0.0106688398061,0.0494360721101,0.00973556474664,0.0212324679371,0.0176382601487,0.0168138938601,-4.17344242042e-05,0.00337780376064,0.024879351683,-0.0451354180221,0.000600311190539,-0.0286441521484,-0.00404643827981,-0.00421105662942,0.0092991143282,-0.0340699891196,0.0546559109663,-0.0006935173029,0.0403395852674,-0.0196050445045,0.0112550777933,0.0396497297934,0.0447948464756,0.0672268014067,0.028777462532,-0.010993214302,-0.0253488043257,-0.00843706519939,-0.0133561199301,-0.00352235238574,0.00563004038857,0.053042207524,0.00428670999873,0.05442906345,-0.00481063258734,0.0204771498409,-0.00671315637631,0.00766938537429,0.0214045841918,2.36743542058e-05,6.50355013808e-06,0.0236068400859,-0.0151899743534,-0.0234255128035,-0.0239899932325,-0.0582413428133,-0.0257088457254,0.0118919319613,-0.039191181723,-0.0406017800977,0.0208306102765,-0.00578480736818,-0.0115744211923,-0.00408140474304,-0.0428454321124,0.00900532763006,-0.022562534014,0.0192917117059,0.0548708546715,0.0156015917333,0.0427478309744,-0.0275405542516,0.002914084415,0.000695106719941,0.0123213422418,0.0446424422194,-0.023024737689,0.00921256290874,-0.0163625169412,0.00597477722558,0.000234983178541,-0.0493721818314,-0.0164861847098,-0.00408449788917,0.0082358735627,-0.0376515055844,-0.0195601059582,0.00993933006178,0.0117488348169,0.0210680355882,-0.0160246997598,-0.0110247451465,0.00670742598808,-0.0235614520303,-0.00167985004361,-0.0274397256244,-0.0359477149294,-0.0336828670296,0.000280902949668,-0.00181872069397,-0.0157660561123,-0.0117865975747,0.000672462620608,-0.0497216690517,0.00191092369765,0.043775544011,0.0347810563807,0.0157198618115,-0.00196524130862,0.0136600283831,0.0608726837331,0.0199835066293,0.0123108536892,0.0204234615709,0.00651278149995,-0.0128091889198,0.045814638343,0.0128056682105,0.0288238766525,-0.00189238271856,0.0258309816872,-0.00325250691974,-0.0467380459646,-0.0371007916236,0.0126880954666,-0.00872221722185,-0.0242014431256,0.0244393323509,-0.0109351801173,-0.00365052535213,-0.0130037823385,0.00296522210498,-0.0115128983771,-0.00125790890554,-0.0182718773007,-0.0208373794057,-0.00483631648567,-0.024343312022,0.0348977349459,0.00307787256381,-0.0108253864365,0.0126740670402,-0.00946312642007,0.00147961109422,0.0038309198333,-0.00770601420569,-0.0272668775267,0.02980415596,0.0456558958426,0.0309098296291,-0.0482849702354,-0.00791410666905,0.00748143609805,-0.0175940112493,-0.0257012766564,-0.00523198062767,-0.0265268703964,-0.0225544578611,-0.0257539592626,0.0518778628922,0.00654782501704,0.0261814991368,0.0108739892196,0.0196607542141,-0.0160401734996,-0.0184429339691,0.0398649924115,0.0438268391019,0.0145018796356,-0.0254450598291,-0.0561694582698,-0.0284146046259,0.0758917892042,-0.00210029870348,-0.00417426905975,0.0110574839324,0.0465245541786,-0.0130612209943,-0.0145527613791,0.0213691091717,-0.0161665298148,0.0361751426838,-0.0010745651027,0.0117136600232,0.0354579738836,0.0278784105299,0.0277445090958,0.00628170014484,0.0182210772782,0.00351391762334,-0.00960514405492,-0.000274412179589,0.0220684671827,-0.0405551573705,-0.0217704349768,-0.00918594438877,-0.0441017517425,-0.000325054032088,-0.01363660294,-0.0216943382989,-0.0145473421615,-0.0208841799702,0.0463239411068,-0.00859689021518,-0.00216268645036,0.00370889099103,-0.0464830901594,-0.00671978064945,0.00545754057227,-0.0490357470267,-0.00586712201805,0.00220901662329,0.00841746755975,0.032078304248,0.0251656722421,0.00709430327104,-0.00233402573438,-0.0140207926711,-0.0327966519153,0.0184161457304,-0.0221771976753,0.0142780947237,0.0315904098589,0.000925610944864,0.0724898337535,-0.00238166792894,-0.00307829861405,0.0283644075205,0.00903746342055,0.0374596986738,0.0249788112004,0.0215614767763,0.026191155997,-0.00506057387751,0.0149741412193,-0.0514369408097,0.0318782425953,-0.0150332172429,-0.000979450818967,0.0148376414792,-0.00428742846969,-0.0167505088256,0.0202683465476,-0.0138395137626,-0.00600361543522,0.0345937520955,-0.0176915970644,0.0334168687455,0.0368439737352,-0.00579786788238,0.0295949504044,0.00577029259454,-0.0125753784939,-0.00927592352543,0.0375540711502,-0.0134227058166,0.0365694589583,0.0182890366455,-0.0397199662803,-0.0628417100567,0.010878348626,-0.0207977123309,-0.0111335755099,-0.024501133895,0.000857932100958,-0.0281367442069,0.00121779815713,0.00935480743617,-0.0457794309102,0.0112397793076,-0.00109823949405,0.0274653110084,0.00397436193748,-0.0456398598684,-0.00647484751463,-0.0384247852342,-0.0204768127642,-0.0448875627965,-0.0379363855951,0.0301977629063,0.0130546606878,-0.00890668360134,0.0182300280017,-0.0278231809795,-0.0363251652184,-0.0528690699516,-0.00535603758829,-0.0222263713686,-0.000696850827944,-0.0236990925105,-0.00335960042411,-0.0378382415729,-0.000325786745009,0.00278645018725,0.0173330141493,0.0400847133039,0.00124562484676,-0.0340828892275,-0.0138412763114,-0.0326562644661,-0.0211803776196,-0.00226958682402,-0.0256541892141,0.0257630165124,-0.0291712082575,-0.013767383859,-0.0195012456477,-0.0086408798301,0.00268380337601,-0.00591824888148,-0.0134087550387,0.0458360487324,0.0156815064914,0.00317559031592,0.0562967566037,0.0171568979864,0.0145168371556,0.0127037261507,0.00430350381505,0.0138477351453,0.00795255002673,0.0500090933327,-0.00542421347409,0.051141944137,0.0258684696811,0.0459700600608,0.0214381105292,0.068003813386,0.0326027928407,-0.0569817619791,-0.00198567423036,0.0250224327443,-0.0147036884707,-0.0150422795974,0.0507680551473,0.0527008041621,0.0413960854084,0.0201438373264,0.00712074530364,0.0126721972464,0.00281984689452,-0.0371767921781,0.0335307895897,0.0285725148466,0.0173995290924,-0.0122935920416,-0.016431238244,-0.0141616097279,0.0261245737366,0.0260744705306,0.0127932193032,-0.012228053882,0.0306775896692,0.0118269931779,-0.029655524142,-0.0115989624373,0.0229139129514,-0.00880749474005,0.0282521204884,0.0334486392806,0.0310023206802,0.0341478996695,0.00236418858576,0.0354569584134,0.0377941201196,-0.00604348940454,0.00154719469166,-0.0485114584348,-0.0316715634667,-0.0404575482217,0.00205968541394,-0.0326306072418,-0.0366469651929,0.00881380481964,-0.0552268619751,-0.0602145660872,-0.0521336225924,0.00354461343023,0.00789372366556,0.00678383611821,-0.00304316110496,0.0128276713655,0.0268112221011,0.0389580891204,0.00327179708212,-0.000108112404371,0.0142156581251,-0.020213262151,0.00269533815957,0.0048321567651,-0.00164519498547,0.0261304376297,0.0356208499572,0.00163717827946,-0.0140491500229,-0.0111976727771,-0.0343070969716,-0.0195651836523,-0.0165760940579,-0.0396647436823,-0.0185442136843,-0.0136400300087,-0.0285351519467,-0.0322417843625,-0.0604502891604,0.0102942537776,-0.0395907630416,-0.0219967800336,-0.0220447365259,0.0109616801895,-0.0107856388522,-0.00333798086129,0.0245635803492,-0.00746310881007,-0.0300093997633,0.0217345218835,-0.0285431408758,0.00207274205073,0.000916570149889,-0.0181934617662,0.0179992805592,-0.0378853560729,-0.0290689096499,-0.051870810042,-0.0169729828697,-0.0499683631894,-0.0184755245541,-0.00153972529814,-0.00734128974231,-0.021265067299,-0.0145812332883,0.0119777705687,-0.0138310366259,-0.00507816199218,0.0159867478049,-0.0819961005035,-0.0181943749217,0.00289276153393,-0.0222157112318,0.0494062606223,0.032147464945,-0.00241283043597,0.0598766320549,0.0649253180752,0.0327215064183,-0.0104373352094,0.0166447262299,0.0625157122506,0.0398493009939,0.0824827461463,0.0461912990152,0.0783000486327,0.0215750001488,0.022363373923,0.0337660979218,-0.0098265724918,0.0493433840189,0.0345228785791,0.0381057458039,-0.0145211827614,-0.00210165263695,-0.0170130864288,0.00958084298806,-0.0132343094904,0.00331967406693,0.0137441926213,-0.0256424322751,-0.00662944622641,-0.0121633610574,0.00517659702721,0.00938117343681,0.031154560326,0.0193981151884,0.0294333465874,0.0547522364187,0.00586377703388,0.0011879685765,0.0243023723504,0.00996045385822,-0.0161940918325,-0.0122837882954,0.00324923600886,0.0241792996637,0.019169174639,0.0210229921974,-0.0326401654922,-0.00975173870693,-0.0110262494826,-0.0128070284592,-0.00974033325495,0.0154732992544,0.0223261193398,-0.00900585401082,0.0233152104083,0.0215588680383,0.00406410991565,-0.0164479970602,0.0528351991171,0.0190414383486,0.00476842600408,-0.0198069070145,-0.0471172656705,0.0232329559537,-0.0139568333074,-0.00956523180191,0.00680571897017,0.00180110985499,-0.00964482922097,-0.0464839035725,-0.0336757212648,-0.0344721748073,-0.0130436320107,0.00962659855209,-0.0171818842407,-0.0363250388473,-0.0257072419965,-0.0399941149216,-0.0467998267955,-0.00848377746533,-0.00956328654525,0.00703116075514,0.0206676386391,-0.0230288780609,-0.00444292580199,-0.0160528340845,-0.0283256802657,-0.017442691403,0.00627632521215,-0.0164884584886,-0.038446512119,-0.0226269290932,-0.0175127968268,0.0239534105215,-0.0111939122725,0.0337012445536,-0.0690771572173,-0.0488521489126,0.0119614943989,0.00347497429789,0.00256859371301,-0.0481888611617,0.026385600594,-0.0472701539436,0.0342799084453,0.024533167263,-0.0171924571636,-0.000845383868947,0.0477806525073,0.0185748547292,-0.0320884032841,-0.0200621708031,-0.00238464043695,0.0342050443357
5_482_3,-0.0160614940621,-0.0106760047705,-0.0207145353644,-0.0145310121261,-0.0483849753515,-0.0289459814973,-0.0182759864215,-0.0121816404241,-0.00685340714604,-0.024562506786,-0.0312994967917,-0.0358452266931,-0.0345651322342,-0.00161663555542,-0.0441638636997,0.00789612042123,0.0156849179652,-0.0271351018868,-0.00180078554756,0.0127938511487,-0.0128810490922,0.0119097430863,-0.0119377685937,-0.0138591720818,0.0227535556964,-0.00408944182575,-0.00384951686661,-0.00254280679411,-0.0438553485485,-0.0104440702657,-0.0239419060288,-0.00970881854875,-0.00967545392312,-0.00757748735335,-0.00268888447752,0.0254130460916,0.0261281805535,-0.00186884485558,0.0108394081335,-0.00624543697598,0.00925946882762,-0.0491128501625,0.00733856384712,-0.00511885675452,0.00683750080192,-0.0131611718949,0.000627434945524,0.0462323359834,0.0129531958571,-0.00168508886954,0.0194304251788,0.0209202010704,-0.00931344076127,0.017376187405,0.0197563567989,-0.00971074252308,-0.012655975819,0.0330210249119,-0.0213162803586,0.00977315542742,-0.018648358602,0.0159012781462,0.00475433197105,0.0403933240853,0.00670984927692,-0.00946651668493,0.00639514178386,-0.0125326099055,0.00976789880882,0.00479008853332,0.00249188355507,0.0213702714414,0.0306815794752,0.0124956305854,0.0424218725848,0.0365803469308,-0.0015291461886,-0.00117795599814,0.0064163095839,0.0254703181997,0.0345120363698,0.025883315091,0.0135774736916,0.0130842203688,-0.00475761671794,0.0155720477366,0.0205428644784,0.00731025556289,0.0340092034,0.0197603537788,0.0173225346887,0.01179991341,-0.00856842165866,-0.0121986630362,0.000597781772348,-0.0213123229076,0.00694132479038,0.0175535584553,-0.0138612845666,-0.00438936014368,0.00235221479846,-0.075013646478,-0.0518811880349,-0.0307735920949,-0.00120957977975,0.00829645965792,-0.0430116740796,-0.0150060236192,0.0241874406027,0.0220565907492,-0.00766596831106,0.00654808868103,-0.000606402728786,0.0140792008645,0.0241019458494,-0.000635743673036,0.0580989496862,0.0183661213828,0.0178446174168,-0.00655067682606,-0.00149422494667,-0.0036484787702,0.00742101341129,0.0184228919645,0.014715314928,-0.00881508007288,-0.0104116568202,-0.0117303401834,-0.0294612787532,-0.0310517004555,-0.0189159666286,0.00347830757861,-0.0422531526331,-0.025039333672,-0.0423615556498,0.000723546371415,-0.0134280487501,0.00688958233099,-0.016715137207,-0.00590495994559,0.00553086524666,-0.0117053176188,-0.000564570871432,-0.00154643526484,-0.038666912995,-0.0361302382559,-0.0126734799569,-0.0101598484311,-0.00608199765084,0.0213683090203,-0.0142789610332,0.0109136408097,0.0321095562809,0.0352760003358,0.032354638223,0.0310964781254,-0.000767460431396,0.00587543585867,0.0370858612569,-0.00884499402726,0.022199329121,0.0311761059275,0.00296686629509,-0.0124822201963,0.0260471789855,0.015911371773,0.00327450480719,-0.0123130797051,0.0168311272602,-0.0121726581107,-0.0406294662145,-0.0300386696581,-0.0154923369641,-0.0167513346817,0.0195641270563,0.00610712502658,-0.0173237997352,-0.0181929330023,-0.00878508353918,0.00108162051227,0.0198526743751,-0.0363595852031,-0.0346023761569,-0.00219467563109,-0.0111154721071,-0.0171780436394,0.0116274445965,-0.0173213606447,-0.0246159618144,-0.00599397818674,-0.0119668995195,-0.0208158363538,-0.0107959039175,-0.0219264414266,-0.00782426506311,-0.000587514327765,0.0146129152423,-0.00047069894677,-0.0192217391666,-0.01828360494,-0.0173838558461,-0.000940970674056,-0.00751109573711,0.020517046505,-8.70454166629e-05,0.0121841169309,0.0221234170042,0.0559908261959,0.0293927830894,0.0317183704456,0.0216324457804,0.0305178998253,0.0230696142671,0.0382304064547,0.0103272082025,0.0291542623143,0.00421370369188,-0.00743942937639,-0.0180553467644,0.0108464092845,0.0620916943172,0.0358104593475,0.0364546608269,0.019440740108,0.0240912335733,0.00732611694779,-0.0111410901458,0.0169231086562,-0.0788896246022,0.010844135255,0.0149125098417,0.00989896661963,0.0166336830401,0.0337917848626,0.0401683880792,-0.000300165572704,0.012994994628,-0.0113489821302,-0.0144069398386,-0.0184303805642,0.0192981280881,-0.0427304406469,-0.00391753239749,-0.00614997626523,-0.0309090636494,-0.00769892553534,-0.0358540604886,-0.0373983929077,-0.0277891599822,-0.0402446453959,0.00537559469201,-0.0164314881975,-0.0451740695129,-0.0121032859459,-0.0297281990163,-0.0236919644755,-0.0147813368802,-0.00339491297485,0.00328457831036,-0.0440141869124,-0.00190916845162,0.0172841726473,-0.00907633351966,0.0145166286176,-0.007281838936,0.0143823630769,0.00263885390026,0.0107516419812,-0.018294063232,-0.00886380002156,0.0433744608502,0.0195901800791,0.0663161854801,0.00398198465042,0.0369450885189,0.0277827179986,0.027869992651,0.0351733844515,0.0433058973431,0.0434454919909,0.0622224890102,0.0169621088109,0.0204036234986,-0.0246105135627,0.0385205110101,0.0111269443948,0.0194498452288,0.00598785800874,0.00445077449501,-0.0285863555344,0.0106678828862,-0.0191913967953,0.0112594175269,-0.0081636746186,-0.0148266734653,-9.16465062785e-05,0.0390954467582,0.0126434173597,0.0308280533163,0.0127536459712,-0.0250979744115,-0.0247880228616,0.0257424729709,-0.0428239372405,-0.00941746706882,-0.0334810055088,-0.00622663435733,-0.008501236427,0.00842562369921,-0.0156971338708,-0.015813588346,-0.0279144567099,-0.00030722522757,-0.0184636324897,-0.00969515242083,-0.0182814778511,-0.0246275655774,0.00468700325425,-0.0180757515651,0.008420800967,-0.0139159439292,-0.0213088845962,-7.23809374083e-05,-0.0433772858353,-0.0273866809708,-0.0207137037007,-0.00272353659006,0.00659873470395,0.00961292617834,-0.0177310553982,-0.0277928028105,-0.0381792250322,-0.00541392457798,-0.0162605577297,-0.0306485074625,-0.0225574826779,-0.0461675286735,-0.0539179160963,-0.0289148772553,-0.0173201837089,-0.0169369532788,-0.01841700374,0.00872225496958,-0.0331930512743,-0.0390891525978,-0.0333519900397,-0.0332733401416,-0.0524040831663,-0.00134228951634,-0.00372422437556,-0.0124679274317,0.0234646863555,-0.0236915989753,0.0056015659142,0.000298862713892,0.0350678130726,0.0287817183686,0.0407851383205,0.0040301690257,0.0370963021253,0.0143178605413,0.0319264708993,0.0581691939709,0.051502241757,0.0202636108917,0.00781427746529,0.0454564306216,0.0437788781626,0.00614301490171,0.0546361402004,0.0284416709636,0.0477489753566,0.0171132156397,0.032292419373,0.0508182788673,0.0622328119819,0.014565410406,-0.00952403277192,-0.000959830057935,0.0659739115302,0.00570410817637,0.00296337441493,0.024887826112,0.0305665120485,0.0135784435731,0.0130625887888,0.0216485823077,0.00921418605639,0.00347846317182,0.0207984445375,0.0294191742287,0.00253888189791,-0.00300941538951,-0.00176333254882,-0.00557326423545,-0.0203264137667,0.0157200965435,0.0113158140999,-0.0190206262614,-0.00138028730085,0.00540966562762,-0.0158216618376,-0.00182215892282,0.0114567280089,0.0159245013001,-0.0168146934405,0.0377463935034,0.0510363439296,0.0236893342637,0.0139066873539,0.00764604671731,0.00899204385633,0.000809524138902,-0.0123999489456,-0.0143384932976,-0.0354984470672,-0.0320467752097,-0.0183667757728,0.00271470969117,-0.0384304901149,-0.0169563511666,-0.0209475367709,0.008475585624,-0.0127244162993,-0.0451984328017,-0.00620067039758,-0.0157081710174,-0.00424852786128,-0.00803070847299,-0.0332046387495,-0.0116634661933,0.0226973697851,0.0232398943252,0.00309232596349,0.00785935428024,-0.0319740148355,-0.00280428342068,0.00906257072396,0.0160609819481,-0.0288451919562,0.00416723352648,-0.02879868725,-0.00956760284734,-0.0262306494703,-0.0620592193014,-0.039640611025,-0.0346530235384,-0.0443428437383,-0.0146603888175,-0.0389897455588,-0.0130599189538,0.000124050489574,-0.00771735019365,-0.00277114207346,-0.0199340572032,-0.00638169529483,-0.00515490204023,0.00998938291045,7.31925324029e-05,-0.0222384635695,0.00382644699152,-0.033018618241,-0.0379479798665,-0.00845736477278,-0.0297309023015,-0.0308319410264,-0.0164245667661,0.00825125384362,-0.0103188891006,-0.00394686742386,-0.0146968847037,-0.00799478053026,-0.0374930751033,-0.0110532856991,-3.97167626596e-05,-0.0197210799847,-0.00487891285168,-0.0336374635977,-0.0308881839023,-0.00412624019719,-0.0136871063072,0.0141707941105,0.0556335674342,-0.077646528171,0.0216247891155,0.0233510579135,0.0173039202692,0.0349047907185,0.038038199091,0.0146425795243,0.0285533852729,0.0521337975103,0.00337789497088,0.0226438780245,0.0221381053313,0.0500809828613,0.0396826733144,0.0641247124385,0.0686672989774,0.0682255447633,0.0504469710259,0.0370036733434,0.0556570573274,0.0169420903092,0.0206543251659,0.0530337112405,0.0176518974837,0.0014009975725,-0.0122290295267,-0.00849613009016,0.00201625298647,0.0135522551358,0.0152534337991,0.00547928981391,-0.00695429427749,0.0137341284674,0.00324377534167,0.041207854028,0.0305003278563,0.0523522445266,0.042969807369,0.0186825281123,0.0207927789872,0.0289289547677,0.0233889858914,0.0470732553218,0.0171035242942,0.0228735959555,0.0216372873024,-0.00813156826581,0.00526531928521,0.0157185444476,0.00570129021859,-0.0405265224699,-0.0527375570747,-0.0360721665562,-0.0455678462695,-0.0313496139766,-0.00972662386271,-0.039653889575,0.0096714707047,-0.00991256228185,-0.0148967084957,0.0202800080978,-0.0149555128034,-0.000401574793582,-0.0243734437195,-0.0107732639202,-0.011230241286,-0.0283750208068,0.00316334140257,-0.0264832186831,-0.0380514762252,0.00127998530984,-0.0252169788709,-0.0334314002222,-0.054093506608,-0.0236406425921,-0.0313839626329,-0.0386661914283,-0.0331825943483,-0.0309587381126,-0.0377710612899,-0.00746259993212,-0.0115702065261,-0.0284879080961,-0.0268149148205,-0.0201961546049,-0.012118666934,0.00345696791328,-0.0195290640184,-0.00268641833846,0.00273657589704,-0.00111692058932,0.0222705540453,0.00575484848088,-0.00883415806208,-0.00547634712989,-0.00450285101479,-0.0420242721371,0.00045458283349,-0.0121427915548,-0.0017970364766,-0.0304553162041,-0.0289916038338,0.0148916449749,0.00712071920109,0.00987369245519,-0.012513703824,0.00506668974541,0.0159759910131,0.0262532254838,0.0323644341513,0.00146716090335,0.0387138063426,0.0395608747461,0.0156600106487,0.00248563239144,0.00635930308558,-0.00554794080998,0.0223702225137
