20_184_0,0.00651856114848,0.00281924177117,-0.0111553927971,0.0106717087605,-0.00349547943386,-0.031785025236,0.00579777084457,0.0103485059352,-0.0120667081086,0.0226709554895,-0.0131435423966,-0.00579211785389,-0.00374540025774,-0.01678674482,-0.00238444453925,-0.00525240744061,-0.0216568710256,0.00434294347768,-0.0145622851901,0.0144809234394,-0.031346233323,-0.0255874494809,-0.00769708878748,-0.00754508925672,0.00525906000254,-0.026498256075,-0.00899249373648,-0.0174207715633,0.0132508952217,0.0157570017012,-0.026575283197,0.0074411455798,0.00052552656692,-0.00510467035066,0.0105417096515,-0.00417815711896,0.0303518366351,-0.00856719271809,-0.0082725962036,0.0120225820895,-0.00305984234649,0.0302454995494,-0.0111859792678,0.0211162751417,-0.00270478870997,0.0290138090563,-0.00305595042641,0.0375342238284,0.0119884961112,0.0315111513111,0.00126715360209,0.0444209387917,-0.00155644319691,0.00528179132667,0.00563803787015,0.0348657319855,0.0131829645858,0.0221385877883,0.0246079984835,0.00271832914528,0.0131824588397,-0.00858780977808,0.0179607932205,-0.00230824942326,0.0224180073917,-0.00166099483397,0.0385577737332,0.0474768299893,0.0466522389948,0.0742361558799,0.0430837069393,0.0529471479096,0.0204451835695,0.0368705305948,0.0361508596747,0.04385052893,0.0497477093243,0.0467913292763,0.0708870287198,0.0386275717985,0.029775434749,0.0516623896832,0.00162738189549,0.00123382325117,-0.0213607352676,0.00992432601341,-0.0180279892666,-0.00542657898459,-0.0209141795881,-0.00490834068703,-0.0331226663298,-0.0246817460443,-0.0630591934807,-0.0430894655383,-0.0304789284176,-0.0430001005686,-0.0360701895441,-0.0293521328081,-0.0522894624398,-0.0320928318468,-0.0224817596243,-0.0297448316209,-0.0273124531313,-0.0102065565254,-0.0258213258975,-0.0378610232242,-0.00581743730361,-0.0091219614482,-0.00457026143864,-0.0103804029387,-0.0416060150168,-0.0137606624483,-0.022143148874,-0.0261889324888,0.00716418071828,-0.00193588730767,-0.00544809008468,0.00805731546639,-0.00756930331013,-0.0534517587352,-0.0332480348198,-0.0144836644138,-0.0239363866731,-0.00914574802109,-0.000685898433593,-0.0234790924864,0.000886459134549,-0.0469242884187,0.0441268779462,0.014027072572,-0.0248703316822,-0.0103534963604,-0.0190877918618,-0.0037974341987,-0.0255399650174,-0.0178391748905,-0.0103281248476,-0.0319458321365,-0.0104089749326,0.000121553469078,-0.00363113559602,0.00410485226923,-0.0182689075551,-0.00440542315854,-0.0151348574175,0.00623233389902,0.0059408904379,0.0259961385114,-0.00872943186588,0.0146708883371,0.0171442365903,0.0220741710306,0.0237748964174,0.00188338779393,0.0309771215592,0.0391154672917,0.0178000013929,0.0373502964436,0.00831231853865,0.0208424394594,0.00215713744534,0.0540798177554,-0.00393570811216,-0.00997365825657,0.00694550806727,-0.0141467130397,0.0023577630083,-0.0231113869655,-0.00391882564053,-0.0155899366748,0.0258235736138,-0.0327602116431,-0.0176271731137,-0.00531938229027,-0.0510412375029,0.0255424841808,-0.0185027750871,-0.0596306950169,-0.0347224653408,0.00671636721727,0.0145031426959,0.0273109882835,0.0237253785306,0.0221922999607,0.00608397838674,0.0366764170549,-0.00160732375446,0.00663008462742,-0.00284936266486,-0.00663882277725,0.0162493600542,0.0155143085603,0.0555879935947,0.0199292552777,0.0227789584805,0.0251231256474,0.000388479065528,0.0143425413799,0.0104251815826,0.00860595345504,0.00426706034495,0.0252477912085,0.0104092888804,0.00413149014503,0.0258081942653,0.0118428389969,0.013540038998,0.0203053472949,-0.0111148674822,0.0166275711341,-0.00271478547521,-0.0177783976108,0.00666153825282,-0.0145243538037,-0.00410609788263,-0.0314248307414,-0.00168035087385,-0.0100956155693,0.00652426559519,0.00327733499055,0.0036533018609,-0.0364997600951,-0.0279984955168,-0.0492921472365,-0.0173265166094,-0.0396172467559,0.0016099267749,-0.0387693930535,0.00656575021031,-0.015571619662,0.0259516461834,-0.0111128114302,0.0102537891317,-0.0209744928829,0.00722965693583,-0.00700394988928,0.00458738448314,0.0206665023551,-0.00709032439962,0.0115821020715,-0.0197597521226,0.0150803342536,-0.0174363031626,0.0198458453894,-0.0236952702798,0.0258346062549,0.000822013164816,0.0247920219597,0.0203210652107,0.0204590161644,0.0483923740235,0.0101488796292,0.0360808199737,0.0156900320503,0.00732177149147,0.0458479187284,0.00299536420744,0.0220261910164,-0.00122454690723,0.0184996414383,-0.0359471949462,0.0171731277069,0.0370198336707,-0.0369828654648,-0.0121795654247,-0.0223534241314,0.0213688294895,0.00391505738062,0.00191586645008,0.00521117546282,-0.0194218364199,-0.0107664834942,-0.0140039908317,0.00357595628348,-0.0326737046661,-0.01302491816,0.0235588171415,-0.0136066785826,0.0109139910688,-0.00628051810029,0.022283598644,0.00599482239344,-0.0254789103285,0.0112512067729,-0.00640814055868,0.00627593249314,-0.00824889896922,0.000418383146076,0.011265430429,-0.00102854880355,0.0126129104641,-0.0229626570542,0.0386819847069,-0.0254560137375,-0.0112374002271,-0.0194130522033,0.0144161181892,0.00677350603054,0.00015453706576,0.0263421863009,-0.00773300246962,-0.0250597842931,0.00213247973086,-0.014611572156,0.0131657392197,-0.00703093635339,-0.0111727620645,0.0141582942276,-0.0228623737164,-0.00643230600259,0.00517161737255,-0.00617417328263,-0.00196886566791,-0.0307554423978,0.0111523224844,-0.010454988471,0.0291939281889,-0.0120679991349,0.0326741684443,0.0144093971553,0.0393749171303,0.0110595357716,0.0188254470012,-0.0572399147719,-0.0332637029953,-0.0496534405266,-0.0308888650712,-0.0104496167771,-0.00293279447541,-0.0259416876189,-0.000303383736992,-0.0289722526413,-0.0244586865835,-0.0296616515647,-0.0240583910368,0.0128673770686,-0.0413064440391,0.00315682841065,-0.0445700484822,-0.00800110081686,-0.0399929301344,-0.0542293795954,-0.0103169926485,-0.018092849034,-0.00853930991343,-0.021051246872,-0.000899504265574,-0.00471139025165,-0.00791394052218,-0.00298476445362,-0.00590897535771,-0.014116510627,0.0300171281824,-0.0100605998491,-0.00307708480073,0.00180661171995,-0.0218057076183,-0.00435082766598,-0.00145520852605,-0.0228652211664,-0.0179553625967,0.0041652528112,-0.0123615949562,0.0430241150496,0.0190079162975,0.0174665391146,0.00704180531112,0.0189065562699,0.0234771716519,-0.00628640204682,0.0248495443064,0.0185845838168,0.0192563745033,0.0350125698877,0.00873257633085,0.0121667877325,0.0173586271356,0.0133372978546,0.0256709186953,0.0255664940554,0.00204935825434,0.0312222732773,0.00940794688134,0.0174445206244,0.0355336374315,0.0133287933507,0.053149293125,0.0321806213919,0.0159914574491,0.0290248499565,0.00520070495967,0.0146855156582,0.0207310467003,-0.00514450423455,0.0101889371435,0.0243431004881,0.0225864243836,0.00476276174953,0.0317168368683,0.0384443729773,0.0123560698564,0.0599649259724,0.0183066064538,0.0632280259849,0.0156948955031,0.0360048393186,0.0521433898192,0.0348082138251,0.0658195954089,0.0224366054126,0.0346709656686,0.0323415402623,0.045954075989,0.0245851774708,0.00309903851953,-0.0251300713191,-0.0415305609049,-0.0297189574289,-0.0189090430577,-0.0423912550735,-0.0267630546263,-0.0665508608435,-0.0386988579981,-0.0308730620468,-0.0419292104611,-0.0485586510274,-0.0151506753464,-0.0314644810054,-0.0368943451159,-0.00755140792607,-0.0481628748938,-0.0702916693608,-0.0454556601313,-0.0782866875734,-0.0208314172378,-0.064696159841,-0.0452332742074,-0.0179670074694,-0.0366944988126,-0.0101376578148,-0.0260722826474,-0.0454808831817,-0.0078503772722,-0.019929332411,-0.0112579403608,-0.00520590164699,0.009489498356,0.028787554728,-0.0191781572386,-0.0282025028947,0.00993850183469,-0.0341955494779,-0.00456738374863,-0.0170845387893,-0.0154480261741,-0.00481012764439,-0.0202256276682,0.0232057257163,0.0254062850494,0.0338326948665,0.0110529682947,0.0210995306876,0.0164837046717,0.00190016690337,0.0388177822418,0.0296928743076,0.000631101101517,0.035973835749,0.0115642032405,0.02189520381,0.0250173993173,0.0221045017196,0.0623728522699,0.0447601696838,0.031029736939,0.0482049196762,0.0244447405566,0.021836676717,0.00258185135338,-0.0366862822349,-0.00554892799203,0.00810612851045,-0.0050405329265,0.0022497938104,0.0311506806494,-0.000436293343419,-0.00102618779664,0.0197048086973,0.00681309124506,0.019167232006,0.018488089832,-0.00248739090141,0.0209607672575,0.00634467192889,-0.0207526209765,-0.00693938596576,-0.0268938657873,-0.015293062462,-0.0109660343613,0.00700022546284,-0.0185266185535,-0.0338201093168,-0.0378847076441,-0.0548889754642,-0.0445976215608,-0.0197996768172,-0.022502329198,-0.036477002984,-0.0309983772458,-0.0297096810391,-0.03806467953,-0.0247610988677,-0.0333187367574,-0.0233799006969,-0.0369680088955,-0.0207598919209,-0.0315735482101,-0.0268234855755,-0.0100350331424,-0.0139596608649,0.00976953513572,-0.00366141197881,0.0144373935502,-0.0132366721664,0.0432790646626,0.00808055549896,0.0142314527077,0.0381321111551,0.0417589736403,0.0122973645392,-0.020719324749,0.0025881866461,-0.0116993808824,0.0109500372932,0.0171710857976,0.0283387656958,0.000233173764979,0.0227014830286,0.0245429190138,0.0174839994273,0.0342864743563,0.0127418289574,0.0183169558625,0.0300987575696,0.0116444837032,0.028638864776,0.0143502552653,0.016140340136,0.0339101223209,0.0211999364384,0.0313671351778,0.0130824543838,0.0149810921048,0.0424035402715,0.0100124379767,0.0327303215681,-0.00861613496067,0.00560223998642,0.0229191331403,0.0113327130273,-0.00137738808679,0.0192423251322,-0.00341132611194,-0.0102920696968,0.0183911270014,0.0189217500223,-0.00672311210961,-7.26001473416e-05,-0.017407723966,0.00468447914596,0.00398062209829,-0.0300964195428,-0.00780382177779,-0.0297103492392,-0.00228694460905,-0.0329751566452,0.0080301788951,-0.00579249033573,-0.000498501217854,0.0179991521342,-0.00248507139846,0.00137025615044,0.00255290674561,-0.0126794333504,-0.00853778708007,0.00206511739855,-0.0380805404447,-0.0218275135602,0.0050871958531,-0.0206523276963,-0.0230540618793,-0.0105598006074,0.000627367982143,-0.0150847471207,-0.0333668916281,-0.0375336936005,-0.0560540889811,-0.0437635239222,-0.0287833992535,-0.0344376285608,-0.0371104195925
20_184_1,-0.00061566758699,0.00221669416667,-0.0461042242716,-0.0168994018532,0.00255154616258,-0.029842997934,-0.0149921951792,-0.0279275268583,-0.00744730507947,-0.00530047714674,-0.0106395990799,-0.0202548587909,-0.00603959438164,-0.00445481403011,0.00712429381401,-0.0230975452747,-0.00301625212004,0.00111556435848,-0.0267846677756,0.0153750964615,0.0109979184126,0.00523766103024,0.00925742939904,0.0101211880421,0.0221587547429,-0.00999593445741,0.0102701324179,-0.0431990979973,-0.00592231674511,0.0131864405873,-0.0255597239347,0.010908846022,-0.0125080346232,-0.0125922392974,0.006636119098,0.00412630545001,0.0132181521199,-0.00236045740349,0.00284267057942,-0.00062748565478,0.0127766965634,0.0159279910389,-0.0140031662614,-0.0156297635266,0.00598750936216,0.0277819441742,-0.0135625766012,0.0310163914648,-0.00010237626948,0.0136441686049,0.00600921037467,0.037405221062,0.0109855391968,0.0392288897733,-0.00391649122176,0.0729973872573,0.00169537652204,0.0264409578641,0.0149767134369,-0.0124676499521,-0.0211585568058,-0.00748469069641,0.0117277071237,-0.026266795789,0.0188091143047,0.0141057969413,0.0496616041119,0.0643688398741,0.0520193692378,0.0726761926749,0.0271586994094,0.0607937171546,0.0476724087784,0.0603922486727,0.0522749168498,0.0507999225407,0.0557203034422,0.0290291296333,0.0802646522426,0.0663508244245,0.0296442299106,0.0710490049458,-0.0101160472784,0.0107797610403,-0.00137854940571,-0.0116448922999,-0.0290734400901,-0.0131734234223,-0.0308847924606,-0.0387439161263,-0.0363708026874,-0.0374131426882,-0.0048934007114,-0.0163886374097,-0.000687353313518,-0.0245751772356,-0.0277373950542,0.00429785373344,-0.0477376687696,-0.0459782371476,-0.0439094224701,-0.0260819796616,0.00739248051145,-0.0204588436196,-0.0441045679583,-0.0266790554508,-0.0337490937404,-0.0231494084573,-0.0302084864984,-0.0188301867089,-0.0195024956408,-0.0563948632924,-0.0188156565173,-0.024163625642,-0.0575315199607,0.00728331089052,-0.00168345291595,0.0302045368949,0.014830807808,-0.0332117853965,-0.0284197637076,-0.027663178696,-0.00603469272257,0.00829031312627,0.0193501761109,0.030073898861,-0.0337828319624,0.012726358613,0.0571719303444,0.0223200382864,-0.0105246857333,0.0139057989667,0.0130099530492,-0.0245556774178,-0.00962196450099,-0.0266480167351,-0.0388088277383,-0.0423599675806,-0.0369115628445,-0.0174392339104,-0.0215776636775,-0.00263801160045,-0.0221887504002,0.00774958763731,-0.0172344082292,0.0118450071663,-0.000361253692482,-0.0105797929318,-0.0261489486831,0.0219025733275,0.0106839925442,0.0237945562528,-0.00477160538342,0.00790721203929,0.00288343625773,0.0101411481281,0.0162855918398,0.0332622710599,-0.0111191283917,0.0256181587191,-0.0109462179463,0.0369061730682,-0.0437008584199,-0.0161432924206,0.00558432078339,-0.000599439096802,-0.0256931859585,-0.0204085310574,-0.031353064172,-0.0260207801333,0.00542290429217,-0.0232088605325,-0.0402089537112,-0.0510670659865,-0.045055560229,0.0113449509781,-0.0268535856481,-0.0437237469246,-0.0184572986275,-0.022801532307,0.00642399153329,0.0193443375033,0.0123586262085,0.0419091758784,0.0157935525603,0.00742783630066,0.0193116259662,0.00794549790735,0.0174975719263,-0.00681011534325,-0.00798790962405,0.0179858346737,0.0184733495495,0.0169394539503,0.0107973419351,0.0218437995693,0.0118855842448,0.0284209443048,-0.00177071055147,0.0137346738678,0.0239986964671,0.046388635916,0.00135709975232,0.0215323920114,0.0367033311376,0.00923762845697,0.0139345634699,0.0128049016446,-0.0130840823413,0.0340250114999,-0.000337678148197,-0.0129182977927,0.0321392468526,0.00842135349788,0.0117143123189,-0.0202487298756,0.00240615257165,-0.00164460220025,0.0384592533126,0.0227123931254,0.039902558952,-0.00195839385538,-0.0692829845573,-0.0419606078411,-0.0224000962358,-0.0567412653143,0.0024897325733,-0.00961492874402,0.0145435023834,-0.016087662789,0.0229486361808,-0.00984095365457,0.0209580042773,-0.0152013203763,-0.00310227620034,-0.009618143652,0.0073940740823,-0.00069347128496,-0.000227796228614,0.0231031754876,-0.0136655065966,0.0288293361033,-0.0115893548065,0.030665161657,-0.00838232184486,0.027885313113,0.0348715975542,0.0183568401069,0.0440584784271,0.0204002511446,0.0363896440752,0.0288169515451,0.0464436504854,0.0244421580159,0.0476958319768,0.0624303950669,0.0120185246441,0.0413495540564,0.0402452102112,0.0433038056602,-0.00729380456982,-0.0171570650238,0.0283900233931,-0.0596772690351,-0.00555935927899,-0.0398810303092,0.00281513023852,0.00258585324264,-0.0155045103265,0.00481617497578,-0.0287990825447,-0.0138890624486,-0.0275844832561,0.00266896516484,-0.0268291978022,-0.00988992345098,-0.0117931633932,-0.0210162373663,0.0204327261629,-0.00800340477104,0.0143193794354,-0.0094042365217,0.00690510265169,-0.0259186221787,-0.042726401419,0.0151388646014,-0.0452030333653,-0.0259719052871,-0.0188301014155,-0.0202032032588,-0.00143812908764,-0.0415026558448,0.0169291998717,-0.0346540743072,-0.00675401689513,-0.0320293351563,-0.0115682937456,0.00401095162059,0.00241418531172,0.0182203534932,-0.0299229019092,-0.0413592090767,-0.00388852820286,-0.00727716811944,0.00410300184924,-0.0200621433923,-0.0521586628826,-0.00420384784466,-0.0139868526059,-0.0129322206846,-0.00367485636145,0.00152337310447,-0.014922962701,-0.0121042778357,0.0232169562341,-0.0214057892595,0.00890057075863,-0.013391195254,0.0310013497377,0.00338273896941,0.0348623163629,-0.021419937283,-0.0211355015586,-0.0375273310983,-0.000778638714904,-0.0778354118059,-3.53200970506e-05,-0.00874409866849,0.000553861823086,-0.00464479910601,-0.00365048820058,-0.0312130561006,-0.0256912455362,0.000644593819045,0.00103504988613,-0.00923723948881,-0.0387822622628,0.0313229371838,-0.0324602958471,0.0218635808932,-0.0126154459966,-0.0496467613463,0.0121230228194,0.0124606646773,0.0170825838556,-0.0359244978532,0.00909210958581,0.00254088866546,-0.0207618815453,-0.00988928242585,-0.03453513221,-0.00610784351722,0.0231138269565,-0.0180578538401,-0.0201286541738,0.00558965393163,-0.0154888046894,-0.00933955868214,0.0131780350227,-0.0241211998158,-0.0205835870975,0.0249265836421,-0.0165644570864,0.0380619276261,-0.00544830601765,0.0440794510712,0.0148582502188,0.0394771274097,-0.00208514597363,0.0118956226392,0.0218057559868,0.0370184503665,-0.00756601830544,0.0227067638408,0.0062495602038,0.0260282097941,0.0227787515322,0.00883800593841,0.0468692696266,0.0101228445887,0.0107643063976,0.0477670994545,0.0277216973945,0.0606444578986,0.0329781025346,0.013828965952,0.0418346869512,0.019496745777,-0.0190180781201,0.0131770174039,0.00162787919551,0.0101126586582,0.0191040254752,4.91111807206e-05,0.0366278725435,0.000429803995555,0.0180547144943,-0.0040440504991,0.0313370210221,0.0103065316863,0.0108320699947,0.0426366538931,0.0237089196436,0.0473384516617,0.0348296139043,0.021300582359,0.057129831905,0.0232238457228,0.0669719113099,0.0167474603311,0.0579389740386,0.0146436050472,0.0470073294347,0.00122388369041,0.0161935866641,0.0315645124448,-0.0279630282026,-0.0165414937831,-0.00447354751014,-0.0293064974559,-0.027560588274,-0.0431184002919,-0.045524760735,0.00347965439987,-0.0447133041979,-0.0508341972109,0.0126231981544,-0.0334596838348,-0.0449621581999,-0.0115612561635,-0.0392482161873,-0.0587046355615,-0.0407644229034,-0.045524585836,-0.0295343035902,-0.0367140647772,-0.0228797635067,-0.00434503880482,0.00357521244579,-0.00376692754306,0.00418086531282,-0.0273697101681,-0.0271543260226,-0.0286185249495,-0.0293302692307,-0.00360345271097,-0.0503884288359,0.0145724398507,-0.0131925638204,-0.0202536840257,-0.0107719287578,-0.0185553136224,-0.0130675366547,-0.0256809435284,-0.0152510430674,-0.0248760797108,-0.0364425922169,0.0190281761735,0.00224649668078,0.0112454417808,-0.0170623864557,-0.00105219339922,-0.0124204731274,-0.00112110880658,0.0212402430145,0.0250338635551,0.0197686685584,0.0013931653157,-0.0106845564664,0.0268225285915,0.0100048586409,-0.013976367235,0.0429119128207,0.0312994742398,0.00318078694679,0.0421354613035,0.00747202394505,0.0263922594225,-0.00634531323848,-0.0196870982685,-0.0181755411688,-0.00250761068074,-0.0112545288102,-0.00714499148185,0.0104694086541,-0.0128475727633,0.0160614611859,0.00931455170169,-0.0343165257162,0.030547940703,-0.0120562847942,-0.012371747861,0.00885351439194,-0.00739090984161,-0.0523750141029,-0.0283324371822,0.00314612377504,-0.0109408688014,-0.0305624112189,0.0264803094171,-0.0100694906366,-0.0110639986455,-0.0057099377536,-0.0311607619541,-0.0279915423166,0.00431985594753,-0.0306814280208,-0.0273981784366,-0.0270256564392,-0.0319535382641,-0.0395215816603,-0.0181264339264,-0.03451720675,-0.00385899042187,0.00565497978761,-0.011203539992,-0.0155596862903,-0.0269965295818,0.0122653170458,0.0048562418355,0.00166953129527,-0.0212462500672,-0.00662133763246,0.0356653995883,0.055698332889,0.0202661885402,0.00380928373019,0.00949343097308,0.0575817724271,-0.0049277879675,0.00648728315435,-0.00175745231798,-0.00999572996647,-0.00402318382423,0.0195820437764,0.00685717092158,0.0152042717456,0.0220098389726,0.000602102826266,-0.00207922585051,0.0396454861328,0.0318499113876,0.027197391679,0.0387795708098,0.00701882743615,0.0540198334027,0.0108402705695,0.0413314956708,0.056321524944,0.0188144987078,0.0684679897991,0.00342166989846,0.0335035211381,0.0229315948842,0.0121256920524,0.0377819390892,-0.00597906846051,0.000393878615487,0.0257941787522,0.0180955673135,0.01628804477,0.0123600921241,0.0135334600176,0.00596519413881,0.00234163241244,0.0539876346321,0.0254232465484,-0.00593560257126,-0.0068015703846,0.0220481361212,0.0189219191329,0.00224446457202,0.000784790145249,-0.0241837346217,0.00347062229562,-0.0255735021627,0.0321185923144,-0.0136198296154,0.0122382610453,-0.00309812021619,0.000476527947048,0.0139048536794,0.0173489994722,-0.0260286736622,0.00501322126423,-0.0109419855273,-0.0321940712788,-0.0256679480995,-0.00754796670849,-0.0187627870364,-0.00561211184665,-0.0351258991436,-0.00659960024068,-0.043713436694,-0.0325875618974,-0.0436001226508,-0.0529683934074,-0.0514924010376,-0.0259508045099,-0.0476816467747,-0.0534524261275
20_184_2,-0.0224046589951,-0.023491579142,-0.0239057182394,-0.0109222429769,-0.0288697277261,0.0031251151833,0.0154595876119,-0.0183046250866,-0.0163040468269,-0.00608159512419,0.0162518996493,0.0188844603176,0.0144400654541,0.00762275590667,-0.0202423238947,-0.025018761577,-0.0208885784308,-0.00574339093849,-0.044645521445,0.0082860443541,0.0115238836108,-0.00547278421727,0.0134868319445,0.00438083544491,-0.00706220796393,0.00182734902002,-0.00668213884227,-0.0203341599736,0.0156999612093,0.0105409835222,-0.0301098241253,0.0199505029018,-0.0237320867436,0.0308060059924,-0.00627051847329,0.0355646739375,0.0124110882592,0.0330447056989,-0.0232740351446,-0.0236386193801,0.0110019640315,0.0265519243392,-0.00196514557258,0.013432184037,0.00855484517301,0.0209678570714,0.00557030403909,0.0370648876632,0.00767082837604,0.0109146222845,-0.0462172327778,0.0276148767675,0.0143903408311,0.0200140220933,-0.00322860962757,0.0269389628457,0.0116893519352,0.0365822947787,0.00535072305146,-0.00197895960255,-0.0127869305123,0.0246844290506,-0.00905129476742,-0.0119971522468,-0.00241247464409,0.000136051471805,0.0288087370736,0.0588020849035,0.0155694187908,0.0590237749004,0.0437128508819,0.0567126029155,-0.0066289862893,0.0356685622024,0.0568254608238,0.0341235051694,0.0311942926042,0.0315991093933,0.0461036341611,0.0373132313276,0.00882753616297,0.0673002118159,-0.00610958622391,-0.0214570498107,-0.0286823517248,-0.0258052305795,-0.0401240540089,0.000553326595127,-0.026568256313,-0.0326701273779,-0.0567803459311,-0.0268497315612,-0.0120818006457,0.0323606789425,0.0124169491835,-0.0245334508788,-0.0601445582679,-0.03573408125,-0.00746377844963,-0.0148915586153,-0.039222090028,0.00651164972106,0.0342375092895,0.0178308444345,-0.0320540484153,-0.00736739520606,-0.00453867074473,-0.0160928977796,-0.0174402773846,-0.0157871649405,-0.0261609030571,-0.0231709741837,-0.00826567441958,-0.0333642527072,0.00301785364716,0.0221984417596,0.0365426232361,0.0150833623571,0.0166256168369,-0.0197553373801,0.00294712355622,-0.0242043433545,-0.00532513006225,-0.00942244909798,-0.00862403304363,0.0307990112617,-0.0203698042955,-0.0234666661948,0.0673957943552,-0.00488403326715,-0.0174651057387,0.00428622591449,-0.0354875844823,0.0139009462042,-0.0382271406164,-0.0322772898524,-0.0516995701585,-0.0115780953467,0.0191552183265,-0.0321453250598,0.00485470225242,-0.0187452574024,-0.0418873006075,-0.000887363917052,-0.0144659961974,0.0253054292173,0.0124639754383,-0.0327061290849,-0.0360929244396,0.021181349068,0.0214734356048,0.0143288580516,-0.00276532051569,0.0189716327649,0.0219069460091,0.0310725140208,-0.0148732178482,0.0416145711063,-0.0153520648159,0.0131333901761,-0.0259095882936,0.0349360079177,-0.044536252163,-0.0253796149129,0.00208420164195,-0.0252427045904,-0.0236202267937,-0.0285885172578,-0.0244485300382,-0.0123302682522,0.00269685259311,-0.0429793484604,-0.0250375325025,-0.0311211697333,-0.0238994104166,0.00397834425257,-0.00910480912228,-0.0444064271408,-0.0219053195497,-0.00628946350293,0.0121886530412,0.0138393479132,-0.0059766626323,0.0378420476767,-4.45262332917e-05,-0.000938333205159,0.0156579604607,-0.0124712320923,-0.0153146282207,-0.0352433286751,0.0247907101121,0.00736666372421,0.0583255777741,0.0121709799925,-0.00637866936356,-0.0056440776745,0.0184766261931,0.0498885291882,-0.0207600100366,0.00594652043374,0.00471467624393,0.0223881924718,0.028429675756,0.000131788282572,0.0490261171986,-0.00312617509543,0.00805598792963,0.0323670460927,-0.00825934638353,0.0280218311779,0.0134924342451,-0.0143951144482,0.0571318930449,-0.0142916849287,0.0120611671794,-0.0307869326466,0.00563740823299,-0.00627190419434,-0.00563154367168,-0.00905273801465,0.0570868673186,-0.0381526501275,-0.0576748358478,-0.00400574639757,-0.0129878715269,-0.0243413305545,-0.00839738928624,-0.0146590344531,0.0301942435803,-0.0212664169007,0.0544515478778,0.00465451663401,0.0344632888241,0.00275767972696,-0.00404921682775,0.0201836044154,-0.0143885096888,-0.000906736103455,-0.00485237623117,0.0228682065628,-0.0261203147486,0.0087225736629,0.00259770353105,0.035478537541,0.0151434947687,0.0237009765814,0.0255985750268,-0.00800869443389,0.035589787314,0.0144873722683,0.0329052561346,0.0424283756611,0.0457963238678,0.0206946864561,0.0330683986638,0.0600680876826,0.0509094556469,0.00510917836641,0.0289025320881,0.0175759678792,0.0111356838898,0.0274256992703,0.0266793633084,-0.05780271217,0.00238175510209,-0.0447251888989,0.000199081291804,0.0108990877269,-0.0434131651499,-0.0282816136994,-0.0235592046928,-0.00908453197838,-0.0329071451575,-0.0155433202217,0.00285936029293,-0.0310684757655,-0.0124493715872,-0.011079632639,0.0336907340146,-0.0382959405118,0.0144531556382,0.00327638258585,-0.0103727227866,-0.00536244131664,-0.0443003599835,-0.00220217835518,-0.000581028343276,-0.0417419486138,0.0122908127699,-0.0315980792983,0.00989412949101,-0.0367481770787,0.00318758261459,0.0161986544614,0.0256137418426,-0.0568119147425,-0.00756279800613,-0.0264261003849,-0.009984503643,0.0176619599674,0.00859996769939,-0.0316377392205,-0.0168060720795,-0.00473735199031,-0.0269188006094,0.0141834712979,-0.0203721507962,-0.0241067668489,-0.00925383271194,-0.0122983905307,-0.0326260807752,-0.00990994639233,0.0211837533282,-0.0113465479476,-0.0147829901984,-0.0220612576141,0.0189913609398,-0.00201767484197,0.0318744265541,0.0169427872435,0.0400599452305,-0.0227996949831,-0.0530644823176,-0.0548202921319,-0.0356310582365,-0.0717108045854,-0.0016310238181,-0.0238125716968,-0.00902661729244,-0.00163600119587,0.0233427774527,0.00142138917013,0.00914477810228,-0.00433863509121,-0.0101994209587,-0.00455706862884,-0.0240297863875,0.0402702375715,0.00354526519856,0.00862236848141,-0.0178688173392,-0.052193733303,-0.000742423435049,-0.0110593716367,-0.0299840048186,-0.0243745353861,0.0035812723183,-0.00478734492502,-0.00473760868361,-0.0366370622695,-0.00658328948798,-0.0150395404295,0.00498720189654,-0.0239683626686,-0.0195643355588,0.0095263492735,0.00611230879496,-0.0299002122005,-0.0151940073717,0.000505493860591,-0.0279713458151,0.0226629882398,-0.0278389377944,0.0526968830576,0.00570174616204,0.0191869599286,0.00872264641414,0.0373895085066,0.0386622757578,0.0255924796778,-0.00746787845028,0.0130097758643,0.0241034052313,0.0206664710002,0.0272671512482,-0.0109232409638,0.00367794985019,0.0352804663507,0.0593561796083,0.00902756863116,-0.0194530592808,0.0467868142424,0.0635149076918,0.0175988005622,0.0385048236705,0.0382199879011,0.0208405877988,0.015591262088,-0.00602527836252,-0.00510795003039,0.0241722153918,0.0237612681887,0.0427755998315,-0.0246724634469,-0.000754976288903,-0.0152684688151,0.0586885835227,0.0115263989385,0.00504799791056,0.0116329268326,0.0163101395796,0.0379202784708,0.0408780642117,0.0278952313705,0.0498416685352,0.0120456861662,0.0331698666084,0.0101951234717,0.0807715244212,0.0563552512491,0.0348773113102,0.00132390951097,0.0440284345591,0.010039599152,0.0142097401723,-0.0249717394965,0.0259556588621,-0.052017553228,-0.00287201562508,-0.0319885617558,-0.054168958735,-0.0420124619294,-0.0547664379568,-0.0253060941285,-0.0254769429558,-0.0423203556162,-0.00289023669445,-0.0167113872419,-0.0165873090148,-0.0185092973745,0.0135134811355,-0.0477231670166,-0.0615125620892,-0.0266170813837,-0.00725343776439,-0.00433116556494,-0.0410939569903,-0.00944635877995,-0.005583095759,-0.0489543041419,-0.00563069457967,0.0161011957352,0.00218351480408,-0.0266393186094,0.00245228462752,-0.0125157099919,-0.035312250862,0.0031279835253,-0.0231524144753,-0.0419695305106,0.0204900498586,-0.0507325479463,-0.0262894714244,-0.0137267912788,-0.0260805341219,-0.032265685774,-0.0612797932545,0.0127346529534,0.00787924572069,0.00500291121898,-0.0113520105262,0.0164261516089,-0.0158411377675,0.00894944950781,0.0199946383089,0.0347731355061,-0.0191268075259,0.0050124723002,0.00275688377295,0.0217888117796,0.0342689146984,0.0218360007192,0.0157329345172,0.0624613919283,-0.00509058211658,0.0502700248967,0.0141422408085,0.0119428366015,-0.0110829187794,-0.0246975237062,-0.0317598340267,0.0118230638636,0.0143477507273,0.0305733119497,0.00408396006457,-0.00960134493645,0.0126770027963,0.0304402656515,0.011096472304,0.0138371827142,0.000342639455021,0.00615001119698,0.000766623358435,-0.0166483022824,-0.0446756124859,-0.0487987343575,-0.0344663262753,-0.00970837974821,-0.0703473129074,0.0158783955152,0.00147619486011,-0.00499175850288,-0.0198664826532,-0.00577082145014,-0.0326853349984,-0.00767766685827,-0.0458965972837,-0.0577589681149,-0.0348426502769,-0.0348293021793,-0.0566874242861,-0.0472478710346,-0.0366213934397,0.0101085314422,-0.0304612199761,-0.00705940398286,-0.0235346908773,-0.0144837994384,-0.0108614482187,-0.0267348002881,0.0285270159644,-0.00938484521478,0.00948706102687,-0.00495075234323,0.0846995416994,0.0109125220386,0.0069154241018,-0.00290286400294,0.0307532123516,0.00507082536365,-0.011382477075,0.00346691945811,-0.00415388022568,0.007329285114,-0.0164289141911,0.0118794798797,0.0335129330413,0.0217710700915,0.0189339463356,0.0140065211388,0.0244254287951,0.0368835497782,0.0243549384958,0.0494222102177,0.025932959999,0.0487391421718,0.000977878639494,0.0203235969757,0.0256622739498,0.032246978944,0.0845573849985,0.0378984998308,0.0267382546998,0.000730871158859,0.014959320961,0.0296639363243,0.0191310596818,0.00654204571135,0.0323592979987,0.00456235858296,-0.0069225497926,0.00732261091294,-0.00109190922827,-0.0138428281453,0.00330689030863,0.0779137553387,0.0241368436911,0.0177699106956,0.000796181818715,-0.00902489331995,0.049615523788,0.0400683685391,0.0170612121627,-0.0229697498123,0.00891787443081,0.000893476064551,0.0468592718577,-0.0051123687828,-0.00206534209339,0.0582948429375,0.0218112755832,-0.0116316845737,0.0276077770103,0.0354237388817,0.010156665598,0.00906232996324,-0.033795494908,-0.0296628969951,-0.00501478046493,-0.0274650700228,0.0126742533572,-0.0339626381099,-0.03488104185,-0.0408830449423,-0.0555203826112,-0.0617578755303,-0.0504091707534,-0.0442413053039,-0.0690121480945,-0.0449328054496,-0.0576101076476
20_184_3,-0.0387863689351,-0.0257835684589,-0.060654131478,0.0136802308481,-0.0289401501753,-0.00442468968735,0.0208774986285,0.0151132613531,0.00928917618072,0.0018601705204,0.0322833747995,-0.0258816261359,-0.0291849955583,0.0152874450694,-0.0278279073718,0.0210325305423,0.00832167506561,-0.00150675372069,-0.0311758189306,0.0094501297291,-0.00687961780503,-0.0181772092751,0.0130233210102,-0.0203664245589,-0.0189055164732,-0.0149964311617,0.00223011411613,-0.0352479130019,-0.0101361172243,-0.0365800871873,-0.00547113296317,0.0123439511407,0.0314326004959,0.0024961651344,0.0441956324892,0.019561025848,0.00195922124597,0.0332782155725,0.0134360490172,0.00413097508903,0.0488236264587,0.0178350889969,-0.0127797796406,0.0490757357008,0.0195313993454,0.0180790924633,0.0293416881399,0.0205970282113,0.00245834574069,0.00497024879663,0.0114246594007,0.0261215828123,0.0300075103671,0.00225829515318,0.0175000741206,0.00766455372349,-0.015451799748,0.0285315280499,0.0233667175451,-0.0262792606403,0.00656818895472,-0.00487313627479,-0.00441196693223,-0.0359318689924,0.00345518481122,-0.0510527438217,0.0202124867784,0.0430104703287,0.106267160198,0.0760892645792,0.0443707364196,0.0303343930315,0.0259295740369,0.0409693432308,0.0303936086037,0.0168439666401,0.0748025172452,0.0504540054195,0.083405548769,0.00483791308576,0.0495290098091,0.036700639401,-0.00552703414607,0.0286083275993,-0.00522165374004,0.0433879576755,0.00396144102424,0.0274442820486,-0.015780192009,-0.0209971667623,-0.0218633440021,-0.0314857587043,-0.0291322509281,-0.0484882372035,-0.0252792075182,0.0175664277223,-0.0383641817683,-0.000383086964459,-0.0154065091383,-0.0349771205351,-0.0294015741332,-0.0450093513597,-0.040759524048,-0.0218092667063,-0.0210771597905,-0.0419796610713,-0.0418977250194,-0.0174902555113,-0.0166591652797,0.00262399657994,-0.0450308636197,-0.0497336777162,-0.0378675349784,-0.0291502299121,-0.0436983629198,-0.0226107744637,0.00174867685756,0.0300698060919,-0.0246404804781,-0.0448715940999,-0.0657001834158,-0.0127041806104,0.0551386356545,0.00110496085398,-0.0189475644456,-0.042247772803,-0.00368032850248,0.00641092531839,0.05542138701,0.0518956449626,-0.00954398674553,0.00743911382491,0.000299548392432,0.00384880926964,-0.0211575686478,-0.0404885449014,-0.0322468604382,-0.051676193633,-0.0126427823864,-0.0100651399446,-0.00486737974191,-0.00208303626667,-0.00179304778885,-0.017366683383,-0.056151091388,-0.0109503889751,0.0166961273665,0.00292360121103,-0.0421974827552,0.00920256165125,-0.0133716977015,0.00382027577622,0.00592339936356,-0.000460019896226,0.0183498060804,0.00950267789417,0.0189694348712,0.021690533572,0.00483026573338,0.00852453257294,-0.0114480211114,0.01521752123,-0.0355552484128,-0.0276578807132,0.00321794666142,-0.0338637075056,-0.0361813547496,-0.0439330274067,-0.00379890075032,-0.0102289892945,0.001854164485,0.00648397106028,-0.0148599849712,-0.059948420182,-0.0336749564244,-0.00700621622794,-0.0317341237099,-0.0366847145718,-0.0453214100942,0.0282291237344,0.0313385604433,0.0412315002229,0.00900381534635,0.0245141385913,-0.0140530357935,0.00485599714284,-0.00224246873595,-0.0241101260475,0.0013303562545,0.00370194121876,-0.00410061499501,0.00638067550035,0.0552383790807,0.0213611714781,0.0377819161109,0.0527934720638,0.0258976960041,0.0352258542416,0.0395443083718,0.0715403935063,0.00913926594082,0.0446706071265,0.0288784791494,0.00983739074412,0.0770698578099,0.0165068176942,0.0484460836669,0.0571606165038,0.023454462662,0.0144860441199,0.0272742639061,0.0163773150243,0.0520896321705,0.00587420521195,0.0143624412477,-0.0314603662662,0.0196066606084,0.000873527227089,0.0564263620901,0.0468887898128,0.00929775534348,0.0247775029504,-0.0317464749716,-0.0635416276128,0.00787386965999,-0.0162301349258,-0.0332985843002,-0.0361594197893,-0.00342200845982,-0.0342022072856,0.0118938387871,-0.0158741643705,-0.0108162944823,0.0274791467717,-0.00648743884434,-0.0037996444006,0.00208633206756,-0.000203380507086,-0.0171346882286,-0.0157442950393,-0.0429664098689,-0.0163252215673,-0.0548231870122,0.0183366426568,0.0155811946089,-0.0171835411153,0.0155789713454,0.00631843211753,-0.0183799924996,0.01417522575,-4.33134029029e-05,-0.0068157016007,0.0264795178492,-0.0341705258295,-0.014819327944,0.00368945341064,0.00980342081819,0.0170269463631,-0.0057616853903,0.00777864699395,-0.0102663928272,0.0148055731214,0.0192362342023,-0.0221828735992,-0.0375645428907,-0.000991476619547,0.0130514049445,0.00813444345988,-0.0392850132878,0.00568751191151,-0.0229151530872,0.00540049746835,-0.00243056630665,0.0143006464676,0.00187081982739,-0.00560341210144,0.0207872616216,0.00262322414632,-0.00919521367758,0.00680177077572,0.00773532643249,-0.0408432078659,-0.0131815213731,-0.00133498679161,-0.077454771569,0.0140471324539,0.0060535653736,-0.00479705801641,0.0188016338986,0.0184330518984,-0.0101806327973,0.00594125801036,0.0179889677458,-0.0576098256077,-0.0172070970866,-0.0553363426435,0.0263844724908,-0.0193337232774,0.0185109438603,0.00604710465395,-0.00421882776928,-0.0414429946365,0.0107778092311,0.0063901267657,-0.0210559862446,0.00584388204091,0.00813493587546,-0.0165098940716,-0.0234174193672,0.000848161569769,0.00496566586906,-0.00952254855547,0.00226099529343,-0.0467339428683,0.023474074606,-0.0490954401145,0.0282122858532,-0.00480984725866,0.0205292964939,0.0178375571358,0.00732749031372,-0.00405285663341,-0.00969710090614,-0.00802397995319,-0.02289475386,-0.0417018517477,-0.0164736302977,0.00346287981194,0.0365745614303,-0.00934830947951,-0.00762981873279,-0.0212561333329,-0.0158575368846,-0.0211305912785,-0.0275468670817,0.00852570061659,-0.0434443406971,0.0184159716542,-0.044855916087,-0.00839848330284,-0.060970292959,-0.0703278227047,0.0110283281458,-0.00790471185669,0.00494125795489,-0.0110733266977,0.0160890588658,-0.0153019078455,0.000505580394547,-0.00853853390605,-0.0025596547788,0.0181584116742,0.0180918816498,0.0124772113389,0.0195881346862,0.0244170803466,-2.52465322998e-05,-0.000303136245934,0.0171196184635,0.0163353798609,-0.0153817952909,0.0518131040439,0.0104280092917,0.0096132929333,0.0248820506509,0.00690011249807,0.029921339473,-0.00851895623206,-0.0281034436853,-0.0167972337509,0.00500928306774,0.0392280273921,-0.00371973917594,-0.00256284831456,0.00118895337356,-0.00911282789729,-0.00152747208788,0.000845851805571,0.0195068713918,0.0125984908073,0.00352153845336,0.0502207882612,-0.0147930456961,-0.0123396766841,0.0287019101408,0.0244186039951,0.0359286461705,0.0439433496919,0.00560125323271,0.0227240717778,0.0447844722992,0.00869619652047,0.0599979892849,-0.00970908519543,0.0647888126406,0.0338352313437,0.0306344533927,0.0236285990958,0.0279021907781,0.0368131573711,0.0329177802134,0.0779531812176,0.0429888280414,0.0415487798956,0.0314550540383,0.0357389800722,0.0420710126145,0.0405821858675,0.0669601030974,0.0560840917946,0.0354674739609,-0.0103654548376,0.013511795721,-0.0308739859853,-0.0307973343776,0.000353118942758,-0.0212668672282,-0.0421099732641,-0.0208768847551,-0.038165566419,-0.0492213468999,-0.08278576848,-0.0618975714098,-0.0449777102771,-0.0517924345771,-0.0135386732073,-0.0658554155155,-0.029054203893,-0.0234871526108,-0.0639330610475,-0.0406734860993,-0.0758676590244,-0.0575536098958,-0.0907970916158,-0.0279343352323,-0.0569331049961,-0.0698063062164,-0.0176107822412,-0.0122483691793,-0.0274379694641,-0.00665605712857,0.0139538880237,-0.0319427042156,0.0184192751667,0.00502155972482,0.0168490535677,-0.00632494515087,0.0506687343444,0.0119537937289,0.00582402208243,-0.0109694576188,-0.045536329731,-0.00417228400627,-0.0330206410497,-0.038281643949,-0.0130818292633,-0.00709894836232,0.0146433505235,0.00669543621545,-0.00103955110618,0.00748051838957,0.0401816144356,0.00526457661226,0.0167775855598,0.0190377585493,-0.00805922948595,-0.000595586210515,0.0209140943107,-0.0174688399708,0.0398075707264,0.00912953486783,0.028315071661,0.0486282144239,0.030972705564,-0.00681918332649,0.00674647606191,-0.0101347767808,0.00612246135427,0.0120239306668,-0.0200033521314,-0.0261619888843,0.0106159706755,-0.0275384472751,-0.0213408560934,-0.0166258979701,0.00252388278108,0.0359541723846,0.0340341351652,0.0219492307373,0.0180238617554,0.00382788981468,0.0228653455477,-0.00178372703475,0.0088345918001,-0.0163985757519,-0.0022114681853,0.00887614789101,-0.00855389432923,-0.00552696472978,0.0324173948948,0.00502809321531,-0.00256983747626,0.0156190391278,-0.0224078925833,-0.0105101434188,0.0141335421911,-0.00964920770698,-0.018884074079,-0.0475586204199,-0.0219738559847,-0.00227239121305,-0.0200103880563,-0.046092101502,-0.0138887262635,-0.0400517729186,0.0147340418928,-0.0206641516746,-0.0147414114936,0.0112691132422,0.00117716182064,0.00601901676203,0.0159803601577,0.00582430519089,-0.00575211693796,0.0517338316814,-0.00341506883081,-0.00397946519513,0.0151221384392,0.0365643460568,-0.0390433374764,-0.0155794803364,-0.022628190164,-0.0106723120764,0.00928121316001,-0.00583694795218,0.00164604989832,0.00853431270012,0.0242580641872,0.0169567167292,-0.0294846707334,0.0388510489449,0.0106245172714,0.00365846152493,0.0136968870599,0.00395162712972,0.00557170671449,0.0110357281423,0.0178419323637,0.00772214047621,0.0159099831163,0.00922351346069,-0.00526263619019,-0.0124999801937,0.0169399506675,-0.0164249480463,-0.00639742121555,-0.00177284476342,0.0157863655029,0.0172263310242,-0.00966367629424,0.0205601337806,0.0144674449739,0.0100467251595,-0.00302185165213,-0.00883871847359,0.0118454197878,0.0243094156419,0.0186794627477,0.011055985791,0.0286764059215,0.000469912629463,-0.0111654147824,-0.0257325419372,0.0122514856382,-0.0136310130438,-0.0102765030858,0.0246522171199,-0.000222943725574,0.00440698261947,0.035547542517,-0.00670364253178,0.00688326709072,0.022999422201,0.0186911392054,0.0106379071599,0.0310572038696,0.00380903210048,0.00524019844793,0.0362502551716,-0.0180600079849,0.00957758502129,0.0180063461493,-0.0280704809849,0.00635879118254,-0.0385851319842,-0.0426924559424,-0.0216072027361,-0.0303517044349,0.00767113126728,-0.0433114715018,-0.0208753255447
20_184_4,0.00538927611484,-0.0304982033024,-0.0369024447259,-0.0574267905712,-0.0146799703548,-0.0284369868212,-0.0261276454039,-0.042035522948,-0.0336388767354,-0.0441756804004,0.00600076549051,-0.0282122332739,-0.0122042066744,-0.0495573547177,-0.0152072578142,0.0210045835479,-0.0275168812531,0.0145463914571,-0.035477840408,0.00586226112191,-0.00052633417577,-0.0145249080068,-0.00125118568643,-0.0174427432042,0.00678043483833,0.00650784463038,-0.022120450299,-0.0142352830463,-0.028330988671,-0.00946867197176,-0.0309247352475,-0.000576527284022,0.0159930213856,-0.00685911050384,-0.0120305517201,-0.0234180476113,0.0490295643739,0.0106005935478,0.0194161499506,-0.0136185642519,0.0166613446923,-0.00255933868615,0.0129680674516,0.0328774201964,-0.0198733280504,0.0293831010226,0.0178153230262,0.0199656874305,0.00753542084365,0.0262244915212,-0.0263655097669,0.00370542397157,0.0247309693638,0.0321534881962,0.0174112579731,0.0533576932455,0.0277470288919,0.0453543610412,0.0616185303725,-0.0165448592802,0.0155191367478,-0.007896191702,0.0453863658857,0.014782420239,0.0316880396538,0.0463752711406,0.0597566757107,0.0361299052175,0.0491365861778,0.0677413126818,0.0267371107605,0.0512869090378,0.0330364713572,0.0418189327181,0.0478671973337,0.0264260752398,0.046805104917,0.0388574461173,0.0819815453693,0.0262991559199,0.0553343030829,0.0274327612385,-0.0150191709405,-0.00714269131811,-0.0124331501285,-0.0154796406583,-0.0346060549959,-0.0111501015462,-0.041804777213,-0.00106326756002,-0.0253867471494,-0.0300001204311,-0.00280594514635,-0.0286478335543,-0.0171236702918,-0.0566789865192,-0.0527194418394,-0.0519706921301,-0.031635482137,-0.0179646569728,-0.0185002102935,-0.0298610017765,-0.00656464744295,-0.0455411641838,-0.00928722206377,0.00698852454482,-0.00948738030009,-0.0185353689257,-0.0152086466641,-0.00537262802586,-0.0220397869491,0.00281891125511,-0.00919634415273,0.00985257484435,-0.0349843014127,-0.0106856852724,0.000835579695869,0.0118334316733,-0.0292547922276,-0.0323030106521,-0.0412771199271,-0.0278673952941,-0.00534437188536,0.00885034277959,-0.0209233515997,0.00730521306353,0.01495969253,0.0300374919846,0.0545237035554,0.0509369551175,-0.00860200841033,0.0300089916151,-0.0151538213542,-0.0517877309496,0.0178411919665,-0.00215216805521,-0.0118189550065,0.0109470890628,-0.0391149202851,0.0118189800938,0.00183224626675,0.0216972167106,-0.00674732112709,0.0147399881064,-0.0153053370675,-0.00590840554354,0.00990731122288,0.0217127885634,-0.0191094461988,-0.00595530804564,0.0250110953277,0.0206968090561,0.00610175460073,-0.00952495525404,0.018023375124,-0.00094222908298,0.0072561857396,0.0410481468658,-0.0567223979132,0.0444850949173,0.0266328381716,-0.00185974291371,-0.0404702991836,-0.050112281496,0.029610137236,-0.0370818729452,0.0350321644237,-0.0177022749157,0.00942156389539,-0.0146331637113,0.0668688065975,0.0187249521494,-0.000504007503849,-0.0464078379604,-0.0394734574008,-0.0304165101316,-0.046700253141,-0.00504462681475,-0.0402833582323,0.00321864366078,-0.0254646973731,-0.0105502928799,0.0139487082715,0.00785668277581,-0.00624951401118,-0.0129564505791,0.0168385225281,0.0334030441799,0.00929106047175,-0.0144947900591,-0.0348958120828,-0.0311538170445,0.0216203086694,-0.0382686686465,0.0296261789975,-0.0217416804058,-0.012271259455,0.0274804473653,-0.0197136022407,0.0359551531003,0.0285116736356,0.0114155365445,-0.00932846224694,-0.00251929608577,0.0212133365009,0.0184688805676,-0.00827242773835,-0.0133079972022,-0.00262342141973,0.000183460264782,-0.0229684093441,-0.0565447522857,0.018968968541,-0.0246497371974,0.0111793255795,-0.024354716258,0.0242475707642,-0.0174597083833,0.0263270640189,0.0106092373466,0.0333060757353,-0.00718451423227,-0.0425064291029,-0.0244013754317,0.0409223467271,-0.0462429826817,0.0338887257924,-0.0256953212919,0.0197248941608,-0.0543122204745,0.0117287211225,-0.0178784287483,0.023955918848,0.0159788244409,-0.0185996959149,0.000794654713833,0.0194334717607,0.00898813530851,-0.00156191323543,0.0285854853202,-0.0274531945826,0.0547320688671,-0.0344562392097,0.00316830872824,0.0127215770885,0.0379926294878,0.0337311561481,0.0200327826608,0.0223554679189,0.0168793860628,0.0510899142774,-0.00383099989295,0.0450112234596,0.00828339776774,0.0416103438491,0.0408275279319,0.0134192302278,0.0449682778899,0.0138804092621,0.0323661134692,-0.0403146789215,0.0262008366076,0.0323955732929,-0.0336193502782,-0.0218010519161,-0.0166365162704,0.0267760199026,0.0156870060124,0.00359754374777,0.0180766155214,0.00870664949555,0.0222877087931,0.00200527872068,0.00879396989076,-0.0141149564659,0.00891917529508,0.0254002196696,-0.0121161973727,0.038880810629,-0.00800765013835,0.0306866919565,0.0114614349229,-0.00153801915786,-0.00970904990804,-0.0104121929681,-0.0084726265339,-0.0373514840215,-0.031620453173,-0.00432834822895,0.00749799407384,0.0328405841698,-0.0150852788436,0.0374809927092,-0.0233808737898,0.00776513286317,0.00688357251329,0.00250011765675,-0.0235176235768,-0.0116838998838,0.0221429236038,-0.024840475295,-0.043439334656,0.0118957096272,-0.0476656004521,-0.0145126808265,-0.0326432270455,-0.012633345538,0.0293517491238,-0.0137664117792,-0.0235062848308,0.00305690117329,0.0213890681537,-0.00500706128044,-0.017638424344,0.0142355813328,-0.0391739265985,0.0106101121079,-0.00757909117787,0.00304875017642,0.00820976985329,0.00953060763013,-0.00909520412952,-0.00187672247146,-0.0394922753094,-0.017638012777,-0.0198712752786,0.0200719263187,-0.0332232582119,-0.0143438031955,0.00200943330791,0.016110244819,-0.0367661463479,-0.00822716158492,-0.0183219831202,-0.00272109162432,0.0152517399946,-0.0633320336584,0.0156755460369,-0.070762485082,0.0151416818441,-0.0200692601393,-0.0528681600036,-0.0352466105122,-0.0301204814596,-0.0177580871421,-0.0390757456869,0.003819013962,-0.000238880026272,-0.00948461494849,-0.0291219806429,-0.0134673078,-0.0115115534771,0.00562619851071,-0.0072414142541,-0.00262095594827,-0.00481806276876,-0.0418213137902,-0.0209712528693,0.000736143239628,-0.0674484276882,-0.0356071939351,-0.000158261499261,-0.0156911450237,0.0247536248089,0.0181104837813,0.0291019391456,0.035507720852,0.0204514344125,0.0085760466598,1.65686534791e-05,0.0112680202256,0.0165665601036,-0.0113103378203,0.0485097185184,0.0118606478497,0.0103797281871,0.00939338194013,0.00357630517348,0.0423162485012,-0.0136776591205,-0.0254740640388,0.0442182174326,0.00393501130463,0.0131249999912,0.0328940958828,-0.0100276632,0.045149528361,0.0161112010593,0.0119024469539,0.0243445381173,0.0282925624436,0.0363018841826,0.00329552789236,0.00754967906234,0.0413033458138,-0.00799302862809,0.058865134415,0.0376406446451,0.0399294781765,0.0197071042086,-0.00147262825996,0.0732220479947,0.00691698847087,0.0735045796772,0.033311943035,0.0424673090352,0.0308937132873,0.0299188339969,0.0524693025384,0.021814237144,0.0188310660148,0.0462055808765,0.025987209719,0.0267913527045,0.0360807984538,0.039087833484,-0.0128471101939,0.0261376352746,0.0205179120239,-0.00219868163902,-0.0371374655321,-0.0377046677826,-0.0497444604101,0.0149555957004,-0.0192592268149,-0.026334278093,0.00721037992292,-0.012456846624,-0.0408321718207,-0.0263218175825,-0.0641725276868,-0.028052816417,-0.00753279116084,-0.0342737015539,-0.031613057345,-0.0319702455326,-0.0642999470101,-0.0319813810908,-0.036172091911,-0.0262206730606,-0.00422352299572,-0.0445440787358,-0.0222079808334,-0.0119478631439,-0.0200983759467,-0.00954123596975,-0.022963776122,-0.00396356162247,0.00206030383804,-0.0196077943476,-0.0315537802674,-0.0301196022834,0.0117564363954,-0.0126750410271,-0.0137286898559,-0.00644365455708,-0.0412411025626,0.0282084660996,0.00930623199987,0.0287211153483,-0.0172818135693,0.015323212457,-0.028894583418,0.019247927123,0.0209334627155,0.00612038251801,0.00497240852944,0.0127019327694,-0.00566869701259,0.00419685112328,0.0139644233918,0.00086894467739,0.0410799563793,0.0174417319463,0.0140981404013,0.0409014691393,0.0120877322903,0.0330951785684,0.0190853102684,0.00539881731981,0.0142049719158,0.0339570214573,-0.00180796778611,-0.00327971168468,0.0256858750234,0.00617860146985,0.0105682395558,-0.0308659813141,-0.00263488357754,-0.0217274904124,0.0217572756657,0.00484340677824,0.0529194784283,-0.00490560341576,-0.0263991582997,-0.0304940914382,-0.0135037266795,-0.0107009064679,0.0161218800959,0.0256745425056,-0.0111055768931,0.0083908792863,-0.0494562544453,-0.0328710180001,-0.0272779119752,-0.025850347772,-0.0417778771934,-0.0606968952249,-0.0361209796983,-0.0270225680493,-0.0304753933032,-0.0258133601946,-0.0503553327143,-0.0162363613342,-0.0467043131579,-0.00228129298123,-0.0223193429881,-0.0424636737884,0.00606606866614,0.00248263429802,-0.0222286220444,-0.0325372884997,-0.0169252034761,-0.0146822278955,0.0559554067919,0.0271793117309,0.0368441123175,0.0386788942349,0.0251198457913,0.0226325565641,0.00207320291086,-0.0271243038231,0.00085546425449,-0.00428880058766,0.00998625106504,0.00240762403041,0.0221138707879,0.014701339902,0.0371706795494,-0.00767461200214,0.0322234970277,-0.00648967590373,0.0109787379035,0.00468165030977,0.0220578231745,0.0151152943042,0.0348992547968,0.0417002251318,0.0537901698415,0.0292261605615,0.0313846123785,-0.0069555115282,-0.00365994999163,0.0481726065093,0.0256367493662,0.0354961251624,-0.0111840010495,0.0167905873113,0.0177696350998,0.00474638689608,0.0208968748026,0.0500676893366,-0.00812409693249,0.0146185506135,0.04062435616,0.00237410068247,-0.0173741478547,0.0182956952514,0.014737791826,0.00596766208873,0.00367906040558,0.00034344942498,0.0247688155078,-0.0178534800163,0.00819069903628,-0.0125572219897,0.00767509448414,-0.00902997502815,-0.0278221465119,0.00360616952528,0.0165026319536,0.00432525452576,0.0404108593348,-0.0023682475787,-0.000866766370404,-0.0312775930837,-0.045262229884,-0.00627762287752,-0.00790923547092,-0.00430583813498,-0.0199606938515,-0.00319163565699,-0.037341356469,-0.012307129287,-0.0291865255884,-0.0325575455061,-0.0624127489667,-0.0591328107315,-0.0521733674589,-0.075346362547,-0.0336391920936
20_184_5,-0.00484265222615,-0.0288345903508,-0.0542090213161,-0.022889658905,0.00179658319276,-0.0294876768897,0.0218450509576,-0.0243597961222,-0.023046438332,-0.0157923929234,-0.00694195816824,-0.0134411711511,-0.0102087331727,0.00483588915917,-0.0374312915778,0.0143569959908,-0.0311780520592,0.0156182986014,-0.0168332468162,-0.000589072957382,-0.00543950268909,-0.0448890967134,0.0212805276148,0.0156894684245,-0.0135142960147,0.000292018240214,0.0106950642253,-0.00562086568826,0.00644961769907,0.00408459194524,-0.0131120589932,-0.0167968080519,-0.0289973866293,-0.0105874894352,0.0406343648896,0.0608463536695,0.0294081397713,0.0175090923765,-0.0112788857744,0.0174556261012,-0.0067060864142,0.0214046549741,-0.0185284634641,0.0387065124052,-0.0174822917533,0.0327149741598,0.0158149036331,0.0515580471495,-0.00718169564567,0.0156972466025,-0.019333970279,0.0321482793496,-0.000546986117891,0.0405241163674,-0.0432966165214,0.0157102778036,0.00686296670521,0.0314307873373,0.0210908065696,-0.00708003824425,0.0212457561773,-0.0079169882605,0.0170409729148,0.0128041423232,-0.0300694669475,-0.0611887930723,0.0268767382108,0.060391364926,0.071786343324,0.0735369994774,0.0564949603524,0.00968272931989,0.0225429378605,0.0200299959599,0.0215614579313,0.0559603865101,0.0341098853434,0.0340522728481,0.073711823502,0.0147449814823,0.0542157714783,0.0625943161685,0.018014213008,0.00661444521535,-0.0258327193493,0.0342161616157,-0.0130838569499,3.16189438397e-05,-0.00295262968657,-0.03609682148,-0.0478435843927,-0.0316851168557,-0.0109780983102,-0.00460954803459,-0.0196238213542,-0.0113853499858,-0.0410618371875,-0.0175024295338,-0.0295880405625,-0.0181606468896,-0.0333896622025,-0.0152217640841,0.0316072983957,0.0392311306583,-0.0190249641099,-0.0366800678879,-0.00475140189633,-0.00858840490274,0.00304676371644,-0.00855501697025,-0.0508927379474,-0.0107847599723,-0.0172574620827,-0.0304889426684,-0.0119215563046,-0.00280272551881,-0.00783265823774,0.0332993157885,-0.00342842015765,-0.0245534925755,-0.0271252719443,-0.0323822915754,-0.0548303081179,-0.00803905074474,-0.0736429568263,-0.000769367741319,-0.0248177165956,-0.00457503354546,0.0688730717049,0.0235069314316,-0.0176031469526,-0.00621262468862,-0.0415819690255,-0.0168141447299,-0.0242548896371,-0.020863442037,0.00371517699315,0.00534396275377,-0.000555376546539,-0.00618230943692,0.00226335531495,-0.0405134905854,0.0264021672542,0.0178491423949,-0.0161248315597,-0.000411298622618,0.00287397347048,-0.00469884894648,-0.0114829757555,-0.00965772610649,-0.015029732869,0.00853926083159,-0.0109191892581,-0.00100327190265,0.0280024444756,0.0303915836023,0.0115439721156,0.0284160685395,-0.0182172460683,-0.00804391491917,-0.026266287341,0.0366392245558,-0.0144549827045,-0.0381737145301,-0.0363628258542,-0.0135727505266,-0.0260227740378,-0.0271991436117,-0.0478308698871,-0.0228034053192,0.0240299199691,0.000286226208187,-0.0131721583974,-0.0425696463054,-0.0337889078518,0.0162271294372,-0.0392398329934,-0.0523833788353,-0.0604337734772,-0.0132059607153,-0.00106653394918,0.0244470447056,0.00726878823074,0.0210484281149,0.015418452054,0.00129334807359,0.00344538616857,-0.00188732837613,0.0175310182617,0.0012701875879,-0.0221678616254,-0.0202554123833,0.056577027621,0.0146678886362,0.00986595412095,0.0331892932632,0.0347836389029,0.0451893085029,0.0318386880485,0.0294359414384,0.00133771601361,0.0417696398515,0.0461164832825,0.00604103535976,0.020384936622,0.000926351296973,0.0188478312959,0.0621587890547,0.0179059588106,0.0281756817445,0.0319669691323,0.00868858438301,0.0646166191019,-0.022353442702,0.0304300894255,-0.0282434760459,-0.0202064736381,0.0238761695161,0.0527417111399,0.0196910154112,0.054655381862,-0.0136420143014,-0.0643855629496,-0.0128652289805,-0.00252778449574,-0.0337978361911,-0.0271312617907,-0.0210537651569,-0.0202460199381,-0.0334524501598,0.0340111765361,0.018223278899,0.0208541420408,-0.00847335331828,-0.00665227976154,0.0269791175353,-0.00323378860582,0.0178239573623,-0.00706829594068,0.0443288657163,-0.0460779453029,-0.0157876880799,-0.0152752084535,0.0108412209967,-0.00866825141634,0.00855355812865,0.0270670359429,0.0259427802419,0.0357954372162,-0.0296219645456,0.0343490363477,0.0317578761082,0.022997685769,0.0465875047264,0.0292233413131,0.0419322847059,0.0109395698137,0.0149735098047,0.0292471475012,0.0244423914467,-0.0361557361972,-0.022461585445,-0.0105584457034,-0.07055248807,0.000491965479365,-0.017748355698,0.0183183450746,-0.0168424591479,-0.0384762703854,-0.04056093187,0.0176927459623,-0.025918930972,-0.0136115641714,-0.0292764640917,-0.00256906158967,-0.0268239515407,0.00983977193833,-0.039107400216,0.0221943159742,-0.0413589193722,0.0245227852073,-0.00552470034515,-0.0594947155816,0.00610645856196,-0.0300100654624,-0.0118188371835,0.0128125024957,-0.0252469252171,0.0301254621028,-0.0194296089036,0.00724522299564,-0.00423990034563,0.0271786063194,-0.0170404042484,-0.0133230926455,-0.0326266157522,0.0346249487889,0.0161896523015,0.00552122107525,0.0143252142302,-0.000577330277006,-0.0449127243175,0.011358185051,0.0111534407115,0.0104103172325,-0.0132993958637,0.00269660466315,0.00614830888986,0.00132249861592,-0.00635627145239,-0.0166931225119,-0.0139027752589,-0.00719333717255,-0.0150362777318,0.0157098547677,-0.0197825364082,0.0121081973129,0.0074206567137,0.0303794217869,0.0110091370685,0.00745179078158,-0.0163547829613,-0.029611490288,-0.0768534072115,-0.0432378351879,-0.0573559590211,-0.011783297675,-0.0102012614979,-0.0143746313781,-0.00388455057734,-0.0151080480978,-0.0284852471137,-0.000254746412796,-0.0364908806742,0.0167780830024,-0.00144082192353,-0.0285023057132,0.0148705900722,-0.00486272760561,0.00782605991243,-0.0445497784852,-0.0577368649677,0.00496845103116,-0.0223557259459,-0.00596897288919,-0.0284643742701,-0.00880497149377,-0.0182883290326,-0.0237879290976,-0.0232714259132,-0.00297868451209,-0.0131593285784,0.0242989697076,-0.00162836437832,-0.0228856396893,0.00202411403299,0.000786416292103,-0.00367625619676,0.0548576263261,0.0390972094002,0.0339936437962,0.00999108407544,0.000440286282637,0.0338771245769,-0.000538819176107,0.051980844998,0.0258051181663,0.0206629558456,-0.0258530931668,-0.0387520218124,0.0372714280672,0.025415778312,0.00584742600629,0.0247106580018,-0.00237680199261,0.0464994932309,0.0155880156195,0.0338301764782,0.0583585628032,-0.0121261374654,-0.0184608172548,0.00544135724596,0.0177061829888,0.0019117579436,0.0366064158959,0.0329812292544,0.0522420726269,0.00461510846532,-0.0120936804261,0.0301532643577,0.0259417556271,0.0177227262485,0.0380545970709,-0.00558526758351,0.0315993421429,0.0357491330473,0.0399032763829,0.000413234393781,0.0382040356733,0.032654016812,0.0217415679013,0.0773603413184,0.0145777172484,0.0361655358987,0.0401886272746,0.0153218964229,0.0113019842776,-0.00411620527361,0.0609989434301,0.0293292404374,0.0423357193484,-0.022284465423,0.0433024895768,0.0152082327216,-0.0179474298678,-0.0495265217004,-0.0198156457514,-0.0462073793313,-0.0206454160952,-0.0114150486171,-0.0501892918748,-0.0680531990598,-0.0549349187909,0.0191600640975,-0.0388730468378,-0.0361873042593,-0.0275305618992,-0.0238963366836,-0.00704354074899,-0.0282612533667,-0.00173116295386,-0.0541501137685,-0.00407861785859,-0.0686181507808,-0.0120714344118,-0.0446168485686,-0.0545297845103,-0.0402553562088,0.0160117483501,-0.0103731875836,0.00543723498656,-0.0119941280888,-0.0329495661105,-0.0408396575347,-0.00196776916134,0.0471007786279,-0.0283673395914,0.0367655978014,-0.0264452110248,-0.0360081252901,0.0342629680457,-0.0236119543011,0.00600459493395,-0.0128598666652,-0.0338655462582,-0.0220311485186,-0.0599141434745,-0.0168936000598,-0.00965469052756,0.0287661954518,-0.0196477487724,0.0355641563865,0.00606646843536,0.0233168583558,0.0234934990217,0.00682925304584,-0.0223454196072,0.00453025327864,-0.00737539709365,0.0539288770366,0.0135222113563,0.0104424711572,0.0256246121662,0.0572953736127,0.00432953165024,0.0444627851329,-0.00126006084167,-0.00472359426055,-0.00835036868935,-0.0274874455379,-0.0274683660199,-0.0104087342061,-0.0107918819977,-0.0214599511871,0.0137101288385,-0.00593053918446,0.0166651774873,0.00205723113337,-0.0183270467566,0.0609500450131,0.0202686672253,0.0150576474416,-0.0243339812422,-0.000257108776983,-0.0428448684686,-0.00237799859051,-0.0255157238831,-0.0316561805144,-0.0181681518147,0.0312122174091,-0.0102191299605,-0.0209591850453,-0.032802660252,-0.00628961138435,-0.0274352031008,-0.0060639512593,0.00983888080121,-0.0224912747808,0.00789958756326,-0.031668361618,-0.027547436989,-0.0516358944147,-0.060973377423,-0.0216886681356,-0.0224571947483,0.0147137825845,-0.0327640952002,-0.0118548597777,0.0156868105755,0.00543035182901,-0.0211242526446,-0.00569784481409,-0.0105621255181,-0.00628072820715,0.105737863375,0.0108614211984,0.0190202052629,0.00136281408163,0.0397407220029,0.00335812819533,-0.0276133493603,-0.00700338127407,-0.0026187987335,0.00865660430929,0.0511450092849,0.011346981687,0.00465012207601,0.0233706764182,-0.00923341299657,0.0271842481523,0.053513536997,0.0116544506985,0.0250297089955,0.0440523079439,0.0479514413769,0.0283998881834,0.0224770063207,0.0274646664028,0.00110282804839,0.0173936413469,0.0382829373029,-0.00698061164434,0.0414948693919,0.00966378055596,0.00865043806983,0.00770566191256,0.00200629556195,-0.0185496326684,0.0346939232313,-0.0262607853921,0.0124222807101,-0.00354823863127,-0.00469881915944,-0.0387465816261,0.0121676327314,0.0667894824806,0.00117802028408,0.0127721569136,0.0185764970847,-5.13804655168e-05,0.0198612692878,-0.00284195183801,-0.0214607957155,-0.0217122807555,0.0266292296237,-0.020153070181,0.0555650551336,0.0104354951896,-0.0171068315735,0.0230403672363,0.0213794616297,-0.0178334466267,0.048508805637,-0.00658006449532,0.0470902642639,0.00251477349856,0.0075552962707,-0.0131422032861,0.0187440029244,-0.0230727866807,-0.0377318429748,-0.00691399583812,-0.0304302945024,-0.0152762515231,-0.0295464473748,-0.0592647981113,-0.0615282457674,-0.0454058245566,-0.0386868740141,-0.0207686403257,-0.0411141524359
